0 0.6802884615384616 0.24639423076923078 0.055288461538461536 0.0733173076923077
2 0.5877403846153846 0.49038461538461536 0.078125 0.3737980769230769
2 0.4338942307692308 0.5276442307692307 0.0829326923076923 0.3016826923076923
2 0.9014423076923077 0.7367788461538461 0.11298076923076923 0.36778846153846156
2 0.9663461538461539 0.8004807692307693 0.0673076923076923 0.39903846153846156
3 0.5769230769230769 0.6298076923076923 0.13581730769230768 0.34975961538461536
2 0.359375 0.2091346153846154 0.11538461538461539 0.3016826923076923
2 0.3954326923076923 0.24639423076923078 0.11298076923076923 0.30288461538461536
2 0.036057692307692304 0.40625 0.06850961538461539 0.296875
2 0.2283653846153846 0.5877403846153846 0.11057692307692307 0.34375
2 0.3161057692307692 0.7764423076923077 0.12860576923076922 0.40625
2 0.3713942307692308 0.9230769230769231 0.109375 0.15264423076923078
2 0.1778846153846154 0.6682692307692307 0.09975961538461539 0.35096153846153844
1 0.5865384615384616 0.4098557692307692 0.037259615384615384 0.057692307692307696
1 0.31850961538461536 0.6995192307692307 0.03485576923076923 0.052884615384615384
1 0.20432692307692307 0.5192307692307693 0.03125 0.057692307692307696
1 0.16346153846153846 0.5841346153846154 0.03245192307692308 0.04326923076923077
1 0.3449519230769231 0.9663461538461539 0.05048076923076923 0.051682692307692304
1 0.41346153846153844 0.45552884615384615 0.03485576923076923 0.036057692307692304