2 0.4254807692307692 0.13701923076923078 0.09495192307692307 0.27163461538461536
2 0.38221153846153844 0.21153846153846154 0.09375 0.3245192307692308
2 0.36778846153846156 0.35336538461538464 0.12379807692307693 0.30288461538461536
2 0.30649038461538464 0.4014423076923077 0.0889423076923077 0.33774038461538464
2 0.23798076923076922 0.43149038461538464 0.09495192307692307 0.4026442307692308
2 0.13581730769230768 0.6033653846153846 0.11899038461538461 0.4026442307692308
1 0.11778846153846154 0.5204326923076923 0.025240384615384616 0.0625
2 0.057692307692307696 0.7403846153846154 0.08413461538461539 0.4014423076923077
2 0.4266826923076923 0.46634615384615385 0.1346153846153846 0.1201923076923077
1 0.421875 0.44711538461538464 0.03125 0.03125
2 0.3737980769230769 0.5865384615384616 0.171875 0.16105769230769232
1 0.41346153846153844 0.5841346153846154 0.038461538461538464 0.026442307692307692
2 0.4411057692307692 0.6322115384615384 0.23317307692307693 0.11057692307692307
2 0.5396634615384616 0.5384615384615384 0.14182692307692307 0.2536057692307692
1 0.5204326923076923 0.42427884615384615 0.021634615384615384 0.014423076923076924
2 0.5973557692307693 0.47836538461538464 0.09735576923076923 0.3004807692307692
2 0.6141826923076923 0.5084134615384616 0.14423076923076922 0.3137019230769231
1 0.5877403846153846 0.43028846153846156 0.030048076923076924 0.037259615384615384
1 0.6033653846153846 0.38100961538461536 0.021634615384615384 0.021634615384615384
2 0.4831730769230769 0.6682692307692307 0.109375 0.3701923076923077
1 0.47596153846153844 0.5817307692307693 0.02403846153846154 0.046875
2 0.7211538461538461 0.6694711538461539 0.1201923076923077 0.39903846153846156
1 0.7223557692307693 0.5685096153846154 0.026442307692307692 0.04567307692307692
2 0.8533653846153846 0.33774038461538464 0.1346153846153846 0.3389423076923077
2 0.9735576923076923 0.2764423076923077 0.052884615384615384 0.3942307692307692
3 0.5528846153846154 0.3004807692307692 0.09495192307692307 0.3004807692307692