2 0.9278846153846154 0.20673076923076922 0.042067307692307696 0.08413461538461539
2 0.8197115384615384 0.27524038461538464 0.040865384615384616 0.07692307692307693
2 0.7079326923076923 0.35336538461538464 0.040865384615384616 0.07692307692307693
2 0.5697115384615384 0.44711538461538464 0.03485576923076923 0.06370192307692307
2 0.453125 0.5036057692307693 0.037259615384615384 0.06971153846153846
2 0.4014423076923077 0.4951923076923077 0.027644230769230768 0.05889423076923077
2 0.40024038461538464 0.5120192307692307 0.027644230769230768 0.06129807692307692
2 0.3737980769230769 0.5216346153846154 0.036057692307692304 0.0829326923076923
2 0.4026442307692308 0.5552884615384616 0.038461538461538464 0.037259615384615384
2 0.42788461538461536 0.5612980769230769 0.042067307692307696 0.06370192307692307
2 0.43028846153846156 0.5817307692307693 0.030048076923076924 0.05889423076923077
2 0.453125 0.5817307692307693 0.03485576923076923 0.056490384615384616
0 0.44350961538461536 0.5757211538461539 0.007211538461538462 0.010817307692307692
2 0.2848557692307692 0.5480769230769231 0.03245192307692308 0.08413461538461539
2 0.24879807692307693 0.5661057692307693 0.037259615384615384 0.08653846153846154
2 0.13942307692307693 0.4831730769230769 0.038461538461538464 0.08653846153846154
3 0.056490384615384616 0.6971153846153846 0.026442307692307692 0.1045673076923077
1 0.4519230769230769 0.5661057692307693 0.007211538461538462 0.010817307692307692
2 0.15144230769230768 0.8064903846153846 0.037259615384615384 0.09014423076923077
1 0.14302884615384615 0.7824519230769231 0.007211538461538462 0.01201923076923077
2 0.24639423076923078 0.7620192307692307 0.040865384615384616 0.09375
1 0.24278846153846154 0.7439903846153846 0.007211538461538462 0.014423076923076924
2 0.33413461538461536 0.7247596153846154 0.03485576923076923 0.1045673076923077
1 0.3293269230769231 0.703125 0.009615384615384616 0.01201923076923077
2 0.5096153846153846 0.6682692307692307 0.025240384615384616 0.0889423076923077
1 0.5120192307692307 0.6466346153846154 0.006009615384615385 0.010817307692307692
3 0.5228365384615384 0.5997596153846154 0.026442307692307692 0.0733173076923077
2 0.6478365384615384 0.6081730769230769 0.038461538461538464 0.08653846153846154
1 0.6490384615384616 0.5901442307692307 0.004807692307692308 0.007211538461538462
2 0.7115384615384616 0.6274038461538461 0.036057692307692304 0.10096153846153846
1 0.7091346153846154 0.6057692307692307 0.007211538461538462 0.01201923076923077
2 0.7175480769230769 0.6911057692307693 0.027644230769230768 0.08413461538461539
1 0.71875 0.6730769230769231 0.009615384615384616 0.016826923076923076
2 0.9831730769230769 0.640625 0.03245192307692308 0.09375
1 0.9831730769230769 0.6213942307692307 0.007211538461538462 0.016826923076923076
2 0.9675480769230769 0.7620192307692307 0.037259615384615384 0.09975961538461539
1 0.9663461538461539 0.7427884615384616 0.010817307692307692 0.014423076923076924