2 0.5372596153846154 0.7043269230769231 0.02403846153846154 0.07451923076923077
2 0.5420673076923077 0.7079326923076923 0.015625 0.056490384615384616
2 0.5637019230769231 0.7067307692307693 0.019230769230769232 0.040865384615384616
2 0.5612980769230769 0.7331730769230769 0.014423076923076924 0.07211538461538461
2 0.5372596153846154 0.7283653846153846 0.015625 0.026442307692307692
2 0.5360576923076923 0.7620192307692307 0.021634615384615384 0.04567307692307692
2 0.5853365384615384 0.75 0.02403846153846154 0.08774038461538461
1 0.5865384615384616 0.734375 0.006009615384615385 0.009615384615384616
2 0.6105769230769231 0.7644230769230769 0.026442307692307692 0.08173076923076923
1 0.6105769230769231 0.7487980769230769 0.009615384615384616 0.01201923076923077
2 0.625 0.7620192307692307 0.015625 0.07932692307692307
2 0.6418269230769231 0.7620192307692307 0.021634615384615384 0.0829326923076923
2 0.6598557692307693 0.7824519230769231 0.02403846153846154 0.07932692307692307
1 0.6586538461538461 0.7560096153846154 0.007211538461538462 0.009615384615384616
2 0.6778846153846154 0.7668269230769231 0.015625 0.07932692307692307
2 0.6887019230769231 0.7800480769230769 0.019230769230769232 0.09014423076923077
2 0.6778846153846154 0.7884615384615384 0.015625 0.08774038461538461
3 0.41225961538461536 0.7271634615384616 0.021634615384615384 0.07932692307692307
3 0.3449519230769231 0.6237980769230769 0.019230769230769232 0.07211538461538461
2 0.3918269230769231 0.7199519230769231 0.021634615384615384 0.0829326923076923
2 0.3557692307692308 0.7223557692307693 0.019230769230769232 0.0733173076923077
2 0.3269230769230769 0.6983173076923077 0.015625 0.03125
2 0.33774038461538464 0.7331730769230769 0.014423076923076924 0.08413461538461539
2 0.32091346153846156 0.7379807692307693 0.020432692307692308 0.078125
1 0.3245192307692308 0.7199519230769231 0.007211538461538462 0.010817307692307692
2 0.3076923076923077 0.7091346153846154 0.019230769230769232 0.07451923076923077
2 0.28365384615384615 0.7175480769230769 0.020432692307692308 0.08653846153846154
2 0.28966346153846156 0.6995192307692307 0.010817307692307692 0.036057692307692304
2 0.29086538461538464 0.7331730769230769 0.019230769230769232 0.08413461538461539
2 0.30288461538461536 0.7355769230769231 0.025240384615384616 0.08413461538461539
1 0.2980769230769231 0.7199519230769231 0.006009615384615385 0.015625
2 0.21995192307692307 0.8257211538461539 0.04567307692307692 0.1141826923076923
1 0.21514423076923078 0.8112980769230769 0.007211538461538462 0.01201923076923077
2 0.17548076923076922 0.9495192307692307 0.03245192307692308 0.10096153846153846