2 0.2932692307692308 0.5733173076923077 0.33413461538461536 0.7620192307692307
1 0.2920673076923077 0.5853365384615384 0.09975961538461539 0.24278846153846154
2 0.08413461538461539 0.5733173076923077 0.057692307692307696 0.21514423076923078
2 0.44711538461538464 0.5564903846153846 0.036057692307692304 0.15745192307692307
2 0.6153846153846154 0.5456730769230769 0.037259615384615384 0.19230769230769232
1 0.6105769230769231 0.5096153846153846 0.014423076923076924 0.03485576923076923
2 0.6526442307692307 0.6033653846153846 0.042067307692307696 0.1045673076923077
1 0.6526442307692307 0.5769230769230769 0.014423076923076924 0.020432692307692308
2 0.5877403846153846 0.5480769230769231 0.04567307692307692 0.21394230769230768
1 0.578125 0.4951923076923077 0.01201923076923077 0.021634615384615384
2 0.5264423076923077 0.5504807692307693 0.03485576923076923 0.1935096153846154
2 0.5564903846153846 0.5564903846153846 0.0673076923076923 0.21875
1 0.5492788461538461 0.5096153846153846 0.014423076923076924 0.030048076923076924
2 0.6550480769230769 0.5348557692307693 0.03485576923076923 0.1346153846153846
2 0.6778846153846154 0.5180288461538461 0.020432692307692308 0.10096153846153846
2 0.6418269230769231 0.48677884615384615 0.021634615384615384 0.06370192307692307
2 0.6935096153846154 0.5432692307692307 0.030048076923076924 0.17307692307692307
3 0.7151442307692307 0.5564903846153846 0.03485576923076923 0.1814903846153846