2 0.9182692307692307 0.16105769230769232 0.11899038461538461 0.31850961538461536
2 0.6117788461538461 0.10817307692307693 0.10096153846153846 0.20673076923076922
2 0.7860576923076923 0.6706730769230769 0.15625 0.4074519230769231
2 0.6033653846153846 0.8209134615384616 0.12860576923076922 0.3581730769230769
2 0.5396634615384616 0.41586538461538464 0.12620192307692307 0.34975961538461536
2 0.2608173076923077 0.3641826923076923 0.09014423076923077 0.36899038461538464
1 0.7884615384615384 0.5721153846153846 0.03125 0.06129807692307692
1 0.59375 0.7740384615384616 0.027644230769230768 0.056490384615384616
2 0.36899038461538464 0.7163461538461539 0.1346153846153846 0.4423076923076923
1 0.3581730769230769 0.6069711538461539 0.025240384615384616 0.057692307692307696
2 0.31009615384615385 0.5420673076923077 0.09495192307692307 0.2776442307692308
1 0.3161057692307692 0.4495192307692308 0.040865384615384616 0.038461538461538464
2 0.4411057692307692 0.36778846153846156 0.09735576923076923 0.1935096153846154
2 0.4675480769230769 0.5048076923076923 0.12620192307692307 0.40625
2 0.4639423076923077 0.5721153846153846 0.078125 0.3629807692307692
2 0.1971153846153846 0.49278846153846156 0.10096153846153846 0.390625
3 0.19591346153846154 0.2776442307692308 0.09254807692307693 0.31971153846153844