2 0.7932692307692307 0.15625 0.11538461538461539 0.3088942307692308
2 0.734375 0.46875 0.12139423076923077 0.34375
2 0.8798076923076923 0.6550480769230769 0.10576923076923077 0.4050480769230769
2 0.7908653846153846 0.7620192307692307 0.11778846153846154 0.4026442307692308
2 0.4519230769230769 0.3641826923076923 0.08774038461538461 0.25961538461538464
2 0.6646634615384616 0.9399038461538461 0.0829326923076923 0.1201923076923077
2 0.3798076923076923 0.09375 0.09375 0.18389423076923078
3 0.4182692307692308 0.27163461538461536 0.09375 0.24639423076923078
2 0.39903846153846156 0.5216346153846154 0.11899038461538461 0.3137019230769231
2 0.4699519230769231 0.6418269230769231 0.1310096153846154 0.3485576923076923
1 0.8040865384615384 0.6598557692307693 0.02403846153846154 0.05048076923076923
1 0.47115384615384615 0.5264423076923077 0.036057692307692304 0.04326923076923077
2 0.3485576923076923 0.5480769230769231 0.12860576923076922 0.1622596153846154
2 0.040865384615384616 0.20192307692307693 0.078125 0.3557692307692308
2 0.1658653846153846 0.3786057692307692 0.1346153846153846 0.34375
2 0.20793269230769232 0.6298076923076923 0.2127403846153846 0.1778846153846154
2 0.27403846153846156 0.6430288461538461 0.15625 0.3425480769230769
1 0.2956730769230769 0.5901442307692307 0.04326923076923077 0.05889423076923077
0 0.3713942307692308 0.44471153846153844 0.026442307692307692 0.037259615384615384