3 0.6298076923076923 0.15625 0.025240384615384616 0.07451923076923077
2 0.7692307692307693 0.19471153846153846 0.026442307692307692 0.08774038461538461
2 0.8341346153846154 0.3449519230769231 0.03485576923076923 0.1045673076923077
2 0.6778846153846154 0.5060096153846154 0.036057692307692304 0.1141826923076923
2 0.6009615384615384 0.49399038461538464 0.03125 0.10096153846153846
1 0.6814903846153846 0.47475961538461536 0.006009615384615385 0.014423076923076924
2 0.5588942307692307 0.5516826923076923 0.04326923076923077 0.09375
0 0.5432692307692307 0.5408653846153846 0.009615384615384616 0.014423076923076924
2 0.5889423076923077 0.5829326923076923 0.046875 0.11298076923076923
1 0.5865384615384616 0.5540865384615384 0.010817307692307692 0.016826923076923076
2 0.5372596153846154 0.6033653846153846 0.030048076923076924 0.11057692307692307
1 0.5324519230769231 0.5757211538461539 0.009615384615384616 0.016826923076923076
2 0.5432692307692307 0.6586538461538461 0.030048076923076924 0.1141826923076923
1 0.5432692307692307 0.6298076923076923 0.010817307692307692 0.015625
2 0.5072115384615384 0.8617788461538461 0.046875 0.14543269230769232
1 0.5024038461538461 0.8257211538461539 0.010817307692307692 0.016826923076923076
2 0.4050480769230769 0.31009615384615385 0.03485576923076923 0.0829326923076923
2 0.5288461538461539 0.43149038461538464 0.038461538461538464 0.10096153846153846
2 0.5120192307692307 0.4855769230769231 0.03125 0.09735576923076923
2 0.4951923076923077 0.5072115384615384 0.037259615384615384 0.0985576923076923
2 0.46153846153846156 0.5360576923076923 0.046875 0.10576923076923077
2 0.4026442307692308 0.5625 0.04567307692307692 0.109375
2 0.3786057692307692 0.6129807692307693 0.03485576923076923 0.12139423076923077
2 0.4050480769230769 0.6634615384615384 0.036057692307692304 0.1141826923076923
1 0.375 0.5877403846153846 0.009615384615384616 0.019230769230769232
1 0.3942307692307692 0.5420673076923077 0.006009615384615385 0.015625
1 0.4026442307692308 0.6382211538461539 0.009615384615384616 0.014423076923076924
3 0.4230769230769231 0.6766826923076923 0.03125 0.11298076923076923
2 0.30649038461538464 0.6814903846153846 0.037259615384615384 0.125
1 0.29927884615384615 0.6634615384615384 0.010817307692307692 0.020432692307692308
2 0.33774038461538464 0.7307692307692307 0.036057692307692304 0.11899038461538461
1 0.33533653846153844 0.6995192307692307 0.010817307692307692 0.016826923076923076
2 0.30528846153846156 0.7560096153846154 0.038461538461538464 0.12379807692307693
1 0.3076923076923077 0.7307692307692307 0.009615384615384616 0.016826923076923076
2 0.3161057692307692 0.7824519230769231 0.03485576923076923 0.12860576923076922
2 0.2439903846153846 0.7584134615384616 0.03485576923076923 0.13581730769230768
1 0.2403846153846154 0.7283653846153846 0.009615384615384616 0.019230769230769232
2 0.2824519230769231 0.8016826923076923 0.052884615384615384 0.078125
1 0.2644230769230769 0.7860576923076923 0.009615384615384616 0.01201923076923077
2 0.28966346153846156 0.8112980769230769 0.051682692307692304 0.09735576923076923
2 0.1622596153846154 0.8245192307692307 0.046875 0.14903846153846154
1 0.15745192307692307 0.7956730769230769 0.01201923076923077 0.020432692307692308
2 0.14543269230769232 0.9302884615384616 0.04326923076923077 0.1346153846153846
2 0.0733173076923077 0.9783653846153846 0.03485576923076923 0.042067307692307696