2 0.421875 0.34375 0.03125 0.06610576923076923
2 0.6213942307692307 0.3894230769230769 0.03485576923076923 0.08774038461538461
2 0.7379807692307693 0.5048076923076923 0.052884615384615384 0.08774038461538461
2 0.7884615384615384 0.6322115384615384 0.037259615384615384 0.09735576923076923
2 0.8185096153846154 0.7608173076923077 0.042067307692307696 0.11298076923076923
2 0.7247596153846154 0.6670673076923077 0.036057692307692304 0.08774038461538461
2 0.6442307692307693 0.5961538461538461 0.040865384615384616 0.10096153846153846
2 0.44711538461538464 0.5060096153846154 0.04567307692307692 0.10096153846153846
2 0.3786057692307692 0.47716346153846156 0.03485576923076923 0.0889423076923077
2 0.36778846153846156 0.44471153846153844 0.026442307692307692 0.0673076923076923
2 0.46153846153846156 0.6033653846153846 0.038461538461538464 0.09254807692307693
2 0.4651442307692308 0.6971153846153846 0.03245192307692308 0.09014423076923077
2 0.5036057692307693 0.7367788461538461 0.03485576923076923 0.09495192307692307
2 0.5540865384615384 0.7560096153846154 0.03245192307692308 0.10576923076923077
2 0.5841346153846154 0.8221153846153846 0.03245192307692308 0.109375
3 0.8076923076923077 0.9699519230769231 0.03125 0.057692307692307696
2 0.27524038461538464 0.7019230769230769 0.04807692307692308 0.10817307692307693
2 0.30288461538461536 0.7548076923076923 0.036057692307692304 0.09975961538461539
2 0.38461538461538464 0.7740384615384616 0.037259615384615384 0.11778846153846154
2 0.38221153846153844 0.8810096153846154 0.046875 0.12980769230769232
2 0.5108173076923077 0.8966346153846154 0.046875 0.1201923076923077
2 0.25961538461538464 0.8581730769230769 0.042067307692307696 0.11057692307692307
2 0.19831730769230768 0.6778846153846154 0.046875 0.11298076923076923
2 0.15384615384615385 0.6165865384615384 0.036057692307692304 0.09495192307692307
3 0.11538461538461539 0.6105769230769231 0.030048076923076924 0.08653846153846154
2 0.10576923076923077 0.5372596153846154 0.036057692307692304 0.0829326923076923
2 0.040865384615384616 0.4855769230769231 0.037259615384615384 0.08653846153846154
0 0.5637019230769231 0.1658653846153846 0.01201923076923077 0.02403846153846154
1 0.25961538461538464 0.8401442307692307 0.009615384615384616 0.015625
1 0.3798076923076923 0.7572115384615384 0.006009615384615385 0.015625
1 0.5108173076923077 0.8846153846153846 0.009615384615384616 0.009615384615384616
1 0.3762019230769231 0.8569711538461539 0.007211538461538462 0.014423076923076924
1 0.49759615384615385 0.71875 0.007211538461538462 0.015625
1 0.5769230769230769 0.7932692307692307 0.007211538461538462 0.01201923076923077
1 0.5516826923076923 0.7391826923076923 0.009615384615384616 0.01201923076923077
1 0.8185096153846154 0.7355769230769231 0.01201923076923077 0.01201923076923077