2 0.3786057692307692 0.16947115384615385 0.13942307692307693 0.33653846153846156
2 0.6658653846153846 0.3629807692307692 0.11057692307692307 0.3317307692307692
2 0.5408653846153846 0.38221153846153844 0.0985576923076923 0.4050480769230769
2 0.5372596153846154 0.5420673076923077 0.10096153846153846 0.21875
2 0.5853365384615384 0.7307692307692307 0.10817307692307693 0.3425480769230769
2 0.5408653846153846 0.8377403846153846 0.09375 0.3233173076923077
2 0.6153846153846154 0.9242788461538461 0.08653846153846154 0.15144230769230768
2 0.19230769230769232 0.5264423076923077 0.08413461538461539 0.36538461538461536
2 0.06129807692307692 0.6682692307692307 0.1045673076923077 0.3858173076923077
2 0.30408653846153844 0.5240384615384616 0.0985576923076923 0.1658653846153846
2 0.3317307692307692 0.5997596153846154 0.12620192307692307 0.14903846153846154
2 0.3786057692307692 0.6502403846153846 0.13701923076923078 0.1814903846153846
2 0.44471153846153844 0.6081730769230769 0.1045673076923077 0.359375
3 0.5192307692307693 0.7560096153846154 0.0673076923076923 0.35096153846153844
1 0.5384615384615384 0.5120192307692307 0.026442307692307692 0.04807692307692308
1 0.5757211538461539 0.6658653846153846 0.038461538461538464 0.0625
1 0.625 0.9831730769230769 0.027644230769230768 0.03125
1 0.051682692307692304 0.6237980769230769 0.021634615384615384 0.06129807692307692