3 0.3485576923076923 0.36538461538461536 0.03485576923076923 0.057692307692307696
2 0.9158653846153846 0.4026442307692308 0.03125 0.052884615384615384
2 0.8894230769230769 0.4855769230769231 0.02403846153846154 0.07451923076923077
2 0.8461538461538461 0.4831730769230769 0.02403846153846154 0.057692307692307696
2 0.7980769230769231 0.5252403846153846 0.037259615384615384 0.0625
2 0.8064903846153846 0.5637019230769231 0.026442307692307692 0.06129807692307692
2 0.8185096153846154 0.5841346153846154 0.030048076923076924 0.057692307692307696
2 0.8365384615384616 0.6153846153846154 0.025240384615384616 0.06370192307692307
2 0.734375 0.5721153846153846 0.03125 0.056490384615384616
2 0.7427884615384616 0.6466346153846154 0.027644230769230768 0.05048076923076923
2 0.7560096153846154 0.8497596153846154 0.03485576923076923 0.056490384615384616
2 0.6622596153846154 0.8930288461538461 0.030048076923076924 0.06370192307692307
2 0.3088942307692308 0.5120192307692307 0.03125 0.06370192307692307
2 0.21033653846153846 0.9278846153846154 0.038461538461538464 0.05889423076923077