2 0.7151442307692307 0.4495192307692308 0.038461538461538464 0.06370192307692307
0 0.8473557692307693 0.36778846153846156 0.01201923076923077 0.014423076923076924
3 0.4831730769230769 0.34615384615384615 0.030048076923076924 0.057692307692307696
2 0.4651442307692308 0.44711538461538464 0.026442307692307692 0.06370192307692307
2 0.3942307692307692 0.45913461538461536 0.036057692307692304 0.078125
2 0.7524038461538461 0.671875 0.036057692307692304 0.09735576923076923
2 0.4026442307692308 0.8762019230769231 0.046875 0.109375
2 0.3293269230769231 0.703125 0.036057692307692304 0.09375
2 0.359375 0.5012019230769231 0.046875 0.08173076923076923
2 0.17307692307692307 0.43149038461538464 0.037259615384615384 0.0673076923076923
2 0.2536057692307692 0.5072115384615384 0.019230769230769232 0.07451923076923077
2 0.24278846153846154 0.5348557692307693 0.016826923076923076 0.0625
2 0.15384615384615385 0.4879807692307692 0.02403846153846154 0.06610576923076923
2 0.15985576923076922 0.5420673076923077 0.015625 0.06850961538461539
2 0.16346153846153846 0.5480769230769231 0.03245192307692308 0.06370192307692307
2 0.17067307692307693 0.5805288461538461 0.03485576923076923 0.08653846153846154
2 0.21995192307692307 0.5673076923076923 0.02403846153846154 0.078125
2 0.1971153846153846 0.5901442307692307 0.025240384615384616 0.06971153846153846
3 0.2512019230769231 0.6057692307692307 0.02403846153846154 0.0733173076923077
2 0.26802884615384615 0.6129807692307693 0.02403846153846154 0.05889423076923077
2 0.27283653846153844 0.6610576923076923 0.038461538461538464 0.09014423076923077
2 0.21153846153846154 0.6538461538461539 0.015625 0.0673076923076923
2 0.19471153846153846 0.6682692307692307 0.027644230769230768 0.08774038461538461
2 0.10096153846153846 0.6346153846153846 0.04326923076923077 0.07692307692307693
2 0.06850961538461539 0.7079326923076923 0.036057692307692304 0.09375
2 0.11538461538461539 0.7127403846153846 0.042067307692307696 0.09375
2 0.030048076923076924 0.7908653846153846 0.04326923076923077 0.09975961538461539
2 0.12980769230769232 0.8365384615384616 0.037259615384615384 0.09735576923076923