2 0.6826923076923077 0.45072115384615385 0.019230769230769232 0.04567307692307692
2 0.6706730769230769 0.5036057692307693 0.014423076923076924 0.042067307692307696
2 0.6526442307692307 0.5432692307692307 0.020432692307692308 0.04567307692307692
2 0.7992788461538461 0.5841346153846154 0.020432692307692308 0.046875
2 0.7956730769230769 0.6177884615384616 0.02403846153846154 0.055288461538461536
2 0.890625 0.7451923076923077 0.027644230769230768 0.07451923076923077
2 0.6057692307692307 0.8052884615384616 0.027644230769230768 0.0733173076923077
2 0.5432692307692307 0.7932692307692307 0.027644230769230768 0.08173076923076923
3 0.5216346153846154 0.8521634615384616 0.025240384615384616 0.0673076923076923
2 0.4831730769230769 0.6682692307692307 0.025240384615384616 0.06370192307692307
2 0.4495192307692308 0.6574519230769231 0.019230769230769232 0.06370192307692307
2 0.44471153846153844 0.5552884615384616 0.020432692307692308 0.052884615384615384
2 0.4026442307692308 0.49038461538461536 0.020432692307692308 0.046875
2 0.4423076923076923 0.44711538461538464 0.021634615384615384 0.040865384615384616
2 0.4338942307692308 0.4639423076923077 0.020432692307692308 0.040865384615384616
2 0.5084134615384616 0.4182692307692308 0.020432692307692308 0.037259615384615384
3 0.19110576923076922 0.4230769230769231 0.019230769230769232 0.027644230769230768
2 0.15384615384615385 0.46274038461538464 0.020432692307692308 0.04326923076923077
2 0.15384615384615385 0.5132211538461539 0.026442307692307692 0.042067307692307696
2 0.16105769230769232 0.5396634615384616 0.025240384615384616 0.042067307692307696
2 0.1814903846153846 0.5685096153846154 0.020432692307692308 0.04567307692307692
3 0.20673076923076922 0.5492788461538461 0.020432692307692308 0.03245192307692308
2 0.13942307692307693 0.5793269230769231 0.019230769230769232 0.04807692307692308
2 0.1310096153846154 0.5949519230769231 0.021634615384615384 0.052884615384615384
2 0.08653846153846154 0.5973557692307693 0.027644230769230768 0.055288461538461536
2 0.14423076923076922 0.6274038461538461 0.027644230769230768 0.04807692307692308
2 0.13341346153846154 0.6682692307692307 0.030048076923076924 0.05048076923076923
2 0.12379807692307693 0.7127403846153846 0.03485576923076923 0.05048076923076923
2 0.11899038461538461 0.7463942307692307 0.025240384615384616 0.046875
2 0.11899038461538461 0.7740384615384616 0.03125 0.055288461538461536
2 0.11778846153846154 0.8317307692307693 0.027644230769230768 0.056490384615384616
2 0.11538461538461539 0.8786057692307693 0.03245192307692308 0.055288461538461536