3 0.6598557692307693 0.24879807692307693 0.037259615384615384 0.07932692307692307
2 0.5757211538461539 0.27163461538461536 0.026442307692307692 0.06971153846153846
2 0.7019230769230769 0.27884615384615385 0.021634615384615384 0.08653846153846154
2 0.7247596153846154 0.31850961538461536 0.026442307692307692 0.0889423076923077
2 0.5576923076923077 0.3004807692307692 0.03125 0.09254807692307693
2 0.7103365384615384 0.359375 0.02403846153846154 0.07211538461538461
2 0.6911057692307693 0.359375 0.026442307692307692 0.07451923076923077
2 0.7043269230769231 0.39903846153846156 0.025240384615384616 0.0829326923076923
3 0.6971153846153846 0.42788461538461536 0.025240384615384616 0.09375
2 0.6682692307692307 0.36778846153846156 0.026442307692307692 0.08413461538461539
2 0.6526442307692307 0.41346153846153844 0.020432692307692308 0.0889423076923077
2 0.4543269230769231 0.390625 0.025240384615384616 0.09375
0 0.6009615384615384 0.47596153846153844 0.010817307692307692 0.014423076923076924
2 0.5865384615384616 0.47596153846153844 0.04807692307692308 0.07451923076923077
2 0.5540865384615384 0.4519230769230769 0.030048076923076924 0.0985576923076923
2 0.4338942307692308 0.4639423076923077 0.025240384615384616 0.09014423076923077
2 0.671875 0.4519230769230769 0.03125 0.07692307692307693
2 0.6502403846153846 0.49399038461538464 0.03125 0.07692307692307693
2 0.6754807692307693 0.5072115384615384 0.030048076923076924 0.09014423076923077
2 0.7584134615384616 0.5456730769230769 0.04567307692307692 0.10336538461538461
2 0.4387019230769231 0.5685096153846154 0.038461538461538464 0.0985576923076923
2 0.4206730769230769 0.5925480769230769 0.03245192307692308 0.10336538461538461
2 0.5745192307692307 0.6262019230769231 0.056490384615384616 0.13221153846153846
2 0.7211538461538461 0.5865384615384616 0.04567307692307692 0.09975961538461539
2 0.7740384615384616 0.6466346153846154 0.06129807692307692 0.11298076923076923
2 0.09014423076923077 0.7403846153846154 0.055288461538461536 0.1502403846153846
2 0.8846153846153846 0.7788461538461539 0.06129807692307692 0.13942307692307693