3 0.8689903846153846 0.25961538461538464 0.026442307692307692 0.06129807692307692
2 0.8269230769230769 0.28725961538461536 0.04567307692307692 0.021634615384615384
1 0.8149038461538461 0.28725961538461536 0.007211538461538462 0.009615384615384616
2 0.7908653846153846 0.27524038461538464 0.037259615384615384 0.036057692307692304
0 0.7800480769230769 0.2764423076923077 0.007211538461538462 0.009615384615384616
2 0.7211538461538461 0.3088942307692308 0.026442307692307692 0.056490384615384616
1 0.7151442307692307 0.296875 0.007211538461538462 0.009615384615384616
2 0.7019230769230769 0.2668269230769231 0.03125 0.051682692307692304
2 0.6009615384615384 0.3786057692307692 0.03245192307692308 0.08774038461538461
1 0.6009615384615384 0.35697115384615385 0.006009615384615385 0.014423076923076924
2 0.5528846153846154 0.4182692307692308 0.026442307692307692 0.08173076923076923
1 0.5504807692307693 0.39903846153846156 0.006009615384615385 0.014423076923076924
2 0.5673076923076923 0.47716346153846156 0.025240384615384616 0.06129807692307692
1 0.5685096153846154 0.4675480769230769 0.009615384615384616 0.009615384615384616
2 0.4987980769230769 0.4723557692307692 0.030048076923076924 0.07211538461538461
1 0.4963942307692308 0.46033653846153844 0.009615384615384616 0.014423076923076924
2 0.5096153846153846 0.5769230769230769 0.03245192307692308 0.0733173076923077
1 0.5108173076923077 0.5637019230769231 0.009615384615384616 0.010817307692307692
2 0.4050480769230769 0.5576923076923077 0.040865384615384616 0.07211538461538461
1 0.40024038461538464 0.5480769230769231 0.007211538461538462 0.014423076923076924
3 0.4050480769230769 0.4855769230769231 0.027644230769230768 0.06610576923076923
2 0.3317307692307692 0.4987980769230769 0.03485576923076923 0.078125
1 0.328125 0.4855769230769231 0.006009615384615385 0.01201923076923077
2 0.2932692307692308 0.47596153846153844 0.02403846153846154 0.0673076923076923
1 0.29086538461538464 0.4651442307692308 0.004807692307692308 0.010817307692307692
2 0.2932692307692308 0.5649038461538461 0.03125 0.08653846153846154
1 0.28966346153846156 0.5480769230769231 0.007211538461538462 0.01201923076923077
2 0.19110576923076922 0.6153846153846154 0.036057692307692304 0.078125
1 0.18389423076923078 0.6009615384615384 0.006009615384615385 0.014423076923076924
2 0.06850961538461539 0.5817307692307693 0.03245192307692308 0.08173076923076923
1 0.06610576923076923 0.5649038461538461 0.006009615384615385 0.014423076923076924
2 0.3112980769230769 0.7307692307692307 0.026442307692307692 0.0733173076923077
1 0.3076923076923077 0.7151442307692307 0.006009615384615385 0.01201923076923077
2 0.3004807692307692 0.7872596153846154 0.027644230769230768 0.0733173076923077
2 0.22355769230769232 0.8004807692307693 0.03125 0.0733173076923077
2 0.08533653846153846 0.8557692307692307 0.030048076923076924 0.0733173076923077
2 0.2644230769230769 0.9675480769230769 0.042067307692307696 0.06370192307692307
2 0.09975961538461539 0.2439903846153846 0.03125 0.06971153846153846
1 0.0985576923076923 0.23076923076923078 0.006009615384615385 0.014423076923076924