3 0.5865384615384616 0.5997596153846154 0.020432692307692308 0.040865384615384616
2 0.5685096153846154 0.6237980769230769 0.021634615384615384 0.06370192307692307
2 0.40625 0.7007211538461539 0.025240384615384616 0.0673076923076923
2 0.5769230769230769 0.7151442307692307 0.02403846153846154 0.07692307692307693
2 0.5432692307692307 0.7487980769230769 0.020432692307692308 0.06971153846153846
2 0.5336538461538461 0.7584134615384616 0.02403846153846154 0.0673076923076923
2 0.49278846153846156 0.7824519230769231 0.025240384615384616 0.07211538461538461
2 0.46875 0.7920673076923077 0.019230769230769232 0.08173076923076923
2 0.46153846153846156 0.8293269230769231 0.019230769230769232 0.0889423076923077
2 0.4807692307692308 0.8545673076923077 0.021634615384615384 0.08173076923076923
2 0.42427884615384615 0.8605769230769231 0.02403846153846154 0.08413461538461539
2 0.36899038461538464 0.8497596153846154 0.030048076923076924 0.08413461538461539
2 0.4050480769230769 0.9134615384615384 0.030048076923076924 0.08413461538461539
2 0.3425480769230769 0.9639423076923077 0.02403846153846154 0.07211538461538461
2 0.5612980769230769 0.8786057692307693 0.03485576923076923 0.09254807692307693
2 0.6682692307692307 0.8798076923076923 0.030048076923076924 0.08173076923076923
0 0.6598557692307693 0.8846153846153846 0.007211538461538462 0.016826923076923076
3 0.6850961538461539 0.8341346153846154 0.02403846153846154 0.08774038461538461
2 0.9867788461538461 0.7896634615384616 0.026442307692307692 0.07451923076923077
2 0.9290865384615384 0.8317307692307693 0.026442307692307692 0.0829326923076923
2 0.8954326923076923 0.8581730769230769 0.025240384615384616 0.0889423076923077
2 0.8918269230769231 0.9290865384615384 0.03485576923076923 0.09254807692307693
2 0.8269230769230769 0.8605769230769231 0.026442307692307692 0.08413461538461539
2 0.7980769230769231 0.8846153846153846 0.021634615384615384 0.07211538461538461
2 0.8040865384615384 0.9134615384615384 0.026442307692307692 0.0829326923076923
2 0.7487980769230769 0.8677884615384616 0.03125 0.08653846153846154
1 0.7487980769230769 0.8497596153846154 0.004807692307692308 0.009615384615384616
2 0.7067307692307693 0.8858173076923077 0.02403846153846154 0.08774038461538461
2 0.7752403846153846 0.8786057692307693 0.021634615384615384 0.08653846153846154
1 0.7752403846153846 0.8581730769230769 0.007211538461538462 0.009615384615384616
2 0.7668269230769231 0.9122596153846154 0.02403846153846154 0.07211538461538461
2 0.765625 0.9435096153846154 0.027644230769230768 0.08653846153846154
2 0.27524038461538464 0.9771634615384616 0.02403846153846154 0.04567307692307692