3 0.5745192307692307 0.16947115384615385 0.02403846153846154 0.051682692307692304
2 0.6754807692307693 0.2956730769230769 0.030048076923076924 0.0733173076923077
2 0.5096153846153846 0.36538461538461536 0.03125 0.07932692307692307
2 0.6466346153846154 0.4495192307692308 0.030048076923076924 0.09735576923076923
2 0.7259615384615384 0.5060096153846154 0.026442307692307692 0.0889423076923077
2 0.7487980769230769 0.5420673076923077 0.021634615384615384 0.08413461538461539
2 0.7259615384615384 0.5504807692307693 0.02403846153846154 0.08173076923076923
2 0.6935096153846154 0.5540865384615384 0.026442307692307692 0.0829326923076923
2 0.8762019230769231 0.5036057692307693 0.026442307692307692 0.08774038461538461
2 0.9915865384615384 0.4543269230769231 0.016826923076923076 0.08653846153846154
3 0.9002403846153846 0.5096153846153846 0.021634615384615384 0.078125
2 0.7307692307692307 0.6682692307692307 0.026442307692307692 0.09495192307692307
1 0.7271634615384616 0.6526442307692307 0.007211538461538462 0.01201923076923077
2 0.9170673076923077 0.7512019230769231 0.03125 0.10576923076923077
3 0.45913461538461536 0.8629807692307693 0.052884615384615384 0.1346153846153846
0 0.4675480769230769 0.8894230769230769 0.010817307692307692 0.014423076923076924
2 0.43028846153846156 0.7403846153846154 0.037259615384615384 0.09495192307692307
2 0.5673076923076923 0.5985576923076923 0.040865384615384616 0.09975961538461539
2 0.5985576923076923 0.5228365384615384 0.025240384615384616 0.08653846153846154
2 0.23557692307692307 0.6117788461538461 0.03245192307692308 0.10096153846153846
2 0.13822115384615385 0.28725961538461536 0.02403846153846154 0.0625
2 0.35216346153846156 0.2512019230769231 0.026442307692307692 0.0673076923076923