2 0.46274038461538464 0.4362980769230769 0.015625 0.03245192307692308
2 0.4423076923076923 0.4795673076923077 0.019230769230769232 0.046875
2 0.3870192307692308 0.47475961538461536 0.02403846153846154 0.055288461538461536
2 0.34975961538461536 0.46153846153846156 0.015625 0.04567307692307692
2 0.33052884615384615 0.5060096153846154 0.020432692307692308 0.04326923076923077
2 0.4182692307692308 0.546875 0.015625 0.037259615384615384
2 0.4026442307692308 0.5817307692307693 0.020432692307692308 0.055288461538461536
2 0.6141826923076923 0.578125 0.019230769230769232 0.056490384615384616
2 0.6322115384615384 0.5805288461538461 0.016826923076923076 0.04807692307692308
2 0.39663461538461536 0.6838942307692307 0.019230769230769232 0.06129807692307692
2 0.3798076923076923 0.6790865384615384 0.019230769230769232 0.06129807692307692
2 0.7115384615384616 0.6442307692307693 0.025240384615384616 0.06850961538461539
2 0.7932692307692307 0.6947115384615384 0.021634615384615384 0.06370192307692307
2 0.5360576923076923 0.8185096153846154 0.027644230769230768 0.07211538461538461
2 0.5108173076923077 0.8233173076923077 0.027644230769230768 0.08413461538461539
3 0.07091346153846154 0.8329326923076923 0.026442307692307692 0.06850961538461539
0 0.15745192307692307 0.6177884615384616 0.009615384615384616 0.01201923076923077
3 0.030048076923076924 0.6117788461538461 0.014423076923076924 0.04567307692307692
2 0.036057692307692304 0.6057692307692307 0.015625 0.05048076923076923
3 0.07451923076923077 0.46153846153846156 0.015625 0.037259615384615384