2 0.9543269230769231 0.25240384615384615 0.09014423076923077 0.35096153846153844
2 0.5276442307692307 0.1502403846153846 0.0889423076923077 0.296875
2 0.10096153846153846 0.3293269230769231 0.10576923076923077 0.390625
1 0.10216346153846154 0.25600961538461536 0.02403846153846154 0.052884615384615384
2 0.2776442307692308 0.32572115384615385 0.09735576923076923 0.41346153846153844
1 0.27163461538461536 0.22596153846153846 0.026442307692307692 0.05048076923076923
2 0.3401442307692308 0.34134615384615385 0.078125 0.3545673076923077
2 0.24519230769230768 0.5228365384615384 0.11298076923076923 0.3173076923076923
1 0.21875 0.4675480769230769 0.027644230769230768 0.06129807692307692
2 0.04567307692307692 0.8040865384615384 0.0889423076923077 0.3918269230769231
3 0.2512019230769231 0.6237980769230769 0.11298076923076923 0.36778846153846156
2 0.36538461538461536 0.5576923076923077 0.17067307692307693 0.20673076923076922
1 0.4074519230769231 0.49038461538461536 0.036057692307692304 0.046875
2 0.4206730769230769 0.43028846153846156 0.12620192307692307 0.07451923076923077
2 0.4230769230769231 0.5757211538461539 0.09975961538461539 0.12379807692307693
2 0.5865384615384616 0.5036057692307693 0.16346153846153846 0.30528846153846156
1 0.5925480769230769 0.41346153846153844 0.03125 0.037259615384615384
2 0.49278846153846156 0.6189903846153846 0.12379807692307693 0.36778846153846156
1 0.49278846153846156 0.5432692307692307 0.03125 0.055288461538461536
2 0.6153846153846154 0.71875 0.13581730769230768 0.421875
1 0.6033653846153846 0.6105769230769231 0.027644230769230768 0.056490384615384616
2 0.5252403846153846 0.8401442307692307 0.09735576923076923 0.31850961538461536
1 0.515625 0.7908653846153846 0.027644230769230768 0.051682692307692304
2 0.7920673076923077 0.7728365384615384 0.13701923076923078 0.4543269230769231
1 0.7932692307692307 0.6538461538461539 0.03245192307692308 0.055288461538461536