2 0.5420673076923077 0.39903846153846156 0.03485576923076923 0.056490384615384616
2 0.39903846153846156 0.45072115384615385 0.016826923076923076 0.06370192307692307
2 0.38100961538461536 0.4411057692307692 0.026442307692307692 0.06850961538461539
2 0.3870192307692308 0.4567307692307692 0.019230769230769232 0.06370192307692307
2 0.30649038461538464 0.4362980769230769 0.025240384615384616 0.05048076923076923
2 0.28725961538461536 0.45913461538461536 0.015625 0.07692307692307693
2 0.2824519230769231 0.4831730769230769 0.030048076923076924 0.06850961538461539
2 0.3557692307692308 0.4579326923076923 0.027644230769230768 0.056490384615384616
2 0.3317307692307692 0.4651442307692308 0.020432692307692308 0.05889423076923077
2 0.328125 0.4495192307692308 0.021634615384615384 0.057692307692307696
2 0.31490384615384615 0.47596153846153844 0.020432692307692308 0.040865384615384616
3 0.3473557692307692 0.4675480769230769 0.026442307692307692 0.07211538461538461
2 0.5492788461538461 0.5360576923076923 0.030048076923076924 0.08413461538461539
2 0.625 0.5528846153846154 0.021634615384615384 0.0889423076923077
2 0.6862980769230769 0.5913461538461539 0.03245192307692308 0.09254807692307693
2 0.8689903846153846 0.8028846153846154 0.027644230769230768 0.10817307692307693
2 0.8834134615384616 0.8173076923076923 0.020432692307692308 0.09735576923076923
3 0.31971153846153844 0.3737980769230769 0.016826923076923076 0.056490384615384616
2 0.09495192307692307 0.5216346153846154 0.02403846153846154 0.0733173076923077
2 0.09735576923076923 0.5889423076923077 0.02403846153846154 0.09014423076923077
2 0.11298076923076923 0.6778846153846154 0.02403846153846154 0.09495192307692307
2 0.018028846153846152 0.8209134615384616 0.03245192307692308 0.0985576923076923
1 0.10817307692307693 0.6586538461538461 0.007211538461538462 0.016826923076923076