3 0.7043269230769231 0.10817307692307693 0.09014423076923077 0.21394230769230768
2 0.40024038461538464 0.23317307692307693 0.09014423076923077 0.2608173076923077
2 0.3918269230769231 0.38221153846153844 0.08774038461538461 0.25
2 0.16706730769230768 0.6490384615384616 0.11899038461538461 0.2980769230769231
2 0.3088942307692308 0.5973557692307693 0.06610576923076923 0.3581730769230769
2 0.3605769230769231 0.47596153846153844 0.057692307692307696 0.11057692307692307
2 0.359375 0.6370192307692307 0.10336538461538461 0.3004807692307692
2 0.34615384615384615 0.6670673076923077 0.14182692307692307 0.2439903846153846
1 0.3293269230769231 0.5697115384615384 0.020432692307692308 0.03125
2 0.41346153846153844 0.6382211538461539 0.078125 0.2512019230769231
2 0.4951923076923077 0.6430288461538461 0.125 0.24278846153846154
1 0.4891826923076923 0.5673076923076923 0.027644230769230768 0.04326923076923077
2 0.5396634615384616 0.65625 0.1201923076923077 0.30288461538461536
1 0.5192307692307693 0.5757211538461539 0.02403846153846154 0.042067307692307696
3 0.2704326923076923 0.796875 0.17067307692307693 0.40625