3 0.5925480769230769 0.12740384615384615 0.030048076923076924 0.07932692307692307
2 0.9651442307692307 0.18870192307692307 0.038461538461538464 0.09375
2 0.6634615384615384 0.453125 0.05048076923076923 0.09975961538461539
2 0.7487980769230769 0.5324519230769231 0.042067307692307696 0.12139423076923077
2 0.6310096153846154 0.5060096153846154 0.042067307692307696 0.10576923076923077
2 0.4987980769230769 0.5877403846153846 0.040865384615384616 0.1045673076923077
0 0.484375 0.5793269230769231 0.009615384615384616 0.014423076923076924
3 0.39663461538461536 0.6790865384615384 0.03245192307692308 0.10817307692307693
1 0.4963942307692308 0.5625 0.01201923076923077 0.015625
2 0.4026442307692308 0.7079326923076923 0.037259615384615384 0.1310096153846154
1 0.4014423076923077 0.6778846153846154 0.009615384615384616 0.014423076923076924
2 0.39783653846153844 0.8064903846153846 0.042067307692307696 0.140625
1 0.39302884615384615 0.7728365384615384 0.010817307692307692 0.016826923076923076
2 0.3317307692307692 0.9206730769230769 0.04567307692307692 0.14903846153846154
1 0.3245192307692308 0.8882211538461539 0.010817307692307692 0.016826923076923076
2 0.29927884615384615 0.9819711538461539 0.03245192307692308 0.036057692307692304
2 0.11298076923076923 0.27163461538461536 0.026442307692307692 0.0889423076923077
2 0.4543269230769231 0.30408653846153844 0.046875 0.09495192307692307
2 0.47596153846153844 0.4170673076923077 0.03245192307692308 0.10336538461538461
2 0.4050480769230769 0.4723557692307692 0.046875 0.1141826923076923
2 0.3581730769230769 0.5168269230769231 0.03125 0.09254807692307693
2 0.3629807692307692 0.5661057692307693 0.02403846153846154 0.10336538461538461
2 0.34134615384615385 0.5865384615384616 0.038461538461538464 0.10336538461538461
2 0.3449519230769231 0.6105769230769231 0.037259615384615384 0.11538461538461539
2 0.3401442307692308 0.6814903846153846 0.03245192307692308 0.109375
1 0.33774038461538464 0.6538461538461539 0.010817307692307692 0.016826923076923076
1 0.3449519230769231 0.5841346153846154 0.006009615384615385 0.021634615384615384
2 0.2692307692307692 0.6490384615384616 0.030048076923076924 0.1346153846153846
1 0.2668269230769231 0.6189903846153846 0.009615384615384616 0.016826923076923076
2 0.2548076923076923 0.7223557692307693 0.037259615384615384 0.13581730769230768
2 0.27283653846153844 0.8088942307692307 0.038461538461538464 0.08413461538461539
2 0.23677884615384615 0.8137019230769231 0.036057692307692304 0.0889423076923077
2 0.21514423076923078 0.828125 0.06610576923076923 0.04326923076923077
2 0.18269230769230768 0.7860576923076923 0.03125 0.14423076923076922
2 0.15985576923076922 0.7908653846153846 0.040865384615384616 0.14423076923076922
1 0.15745192307692307 0.7560096153846154 0.010817307692307692 0.019230769230769232
2 0.11658653846153846 0.8473557692307693 0.038461538461538464 0.1658653846153846
1 0.11298076923076923 0.8137019230769231 0.010817307692307692 0.020432692307692308
2 0.07451923076923077 0.9423076923076923 0.04326923076923077 0.11538461538461539
1 0.07211538461538461 0.9411057692307693 0.010817307692307692 0.016826923076923076