2 0.25240384615384615 0.19831730769230768 0.11057692307692307 0.34375
2 0.31971153846153844 0.34615384615384615 0.10096153846153846 0.36778846153846156
2 0.28725961538461536 0.5264423076923077 0.09495192307692307 0.3629807692307692
2 0.33653846153846156 0.6694711538461539 0.10576923076923077 0.2668269230769231
1 0.3245192307692308 0.5817307692307693 0.027644230769230768 0.02403846153846154
3 0.3641826923076923 0.8028846153846154 0.09014423076923077 0.3798076923076923
2 0.41346153846153844 0.5600961538461539 0.08774038461538461 0.38221153846153844
1 0.4074519230769231 0.4651442307692308 0.015625 0.038461538461538464
2 0.5144230769230769 0.5324519230769231 0.16105769230769232 0.25961538461538464
2 0.5072115384615384 0.6310096153846154 0.15745192307692307 0.2439903846153846
1 0.4807692307692308 0.5228365384615384 0.020432692307692308 0.020432692307692308
2 0.6201923076923077 0.5252403846153846 0.11899038461538461 0.3737980769230769
1 0.6165865384615384 0.4543269230769231 0.016826923076923076 0.04326923076923077