3 0.13581730769230768 0.28846153846153844 0.040865384615384616 0.08173076923076923
2 0.4567307692307692 0.36658653846153844 0.036057692307692304 0.1045673076923077
2 0.4855769230769231 0.4050480769230769 0.02403846153846154 0.09735576923076923
2 0.5925480769230769 0.47836538461538464 0.04326923076923077 0.1045673076923077
2 0.5697115384615384 0.5456730769230769 0.046875 0.1045673076923077
0 0.5552884615384616 0.5240384615384616 0.016826923076923076 0.021634615384615384
2 0.5408653846153846 0.6730769230769231 0.038461538461538464 0.12860576923076922
2 0.4879807692307692 0.6442307692307693 0.03245192307692308 0.140625
1 0.48677884615384615 0.6057692307692307 0.007211538461538462 0.016826923076923076
1 0.5408653846153846 0.6346153846153846 0.010817307692307692 0.016826923076923076
2 0.5120192307692307 0.7175480769230769 0.03125 0.125
2 0.5192307692307693 0.7463942307692307 0.04326923076923077 0.12980769230769232
1 0.5144230769230769 0.7127403846153846 0.004807692307692308 0.015625
2 0.45552884615384615 0.6538461538461539 0.026442307692307692 0.12379807692307693
1 0.4567307692307692 0.6213942307692307 0.010817307692307692 0.01201923076923077
2 0.39302884615384615 0.6298076923076923 0.030048076923076924 0.109375
1 0.3918269230769231 0.6033653846153846 0.009615384615384616 0.01201923076923077
3 0.43028846153846156 0.6418269230769231 0.03245192307692308 0.12139423076923077
2 0.33653846153846156 0.7019230769230769 0.04326923076923077 0.0625
2 0.35096153846153844 0.6802884615384616 0.05048076923076923 0.055288461538461536
2 0.35096153846153844 0.5456730769230769 0.03245192307692308 0.10576923076923077
1 0.3485576923076923 0.5180288461538461 0.009615384615384616 0.010817307692307692
2 0.32091346153846156 0.5841346153846154 0.026442307692307692 0.10576923076923077
1 0.31850961538461536 0.5625 0.007211538461538462 0.015625
2 0.31009615384615385 0.6298076923076923 0.030048076923076924 0.12860576923076922
1 0.3076923076923077 0.5949519230769231 0.009615384615384616 0.014423076923076924
2 0.2824519230769231 0.6370192307692307 0.040865384615384616 0.12860576923076922
1 0.2824519230769231 0.6129807692307693 0.007211538461538462 0.019230769230769232
2 0.31490384615384615 0.7115384615384616 0.030048076923076924 0.1310096153846154
1 0.3137019230769231 0.6766826923076923 0.007211538461538462 0.015625
2 0.3269230769230769 0.7932692307692307 0.037259615384615384 0.12980769230769232
1 0.3269230769230769 0.7668269230769231 0.009615384615384616 0.019230769230769232
2 0.30408653846153844 0.9399038461538461 0.036057692307692304 0.1201923076923077
2 0.8004807692307693 0.7391826923076923 0.056490384615384616 0.140625
1 0.8028846153846154 0.7127403846153846 0.009615384615384616 0.015625
2 0.140625 0.4230769230769231 0.04326923076923077 0.09735576923076923
2 0.2439903846153846 0.44711538461538464 0.042067307692307696 0.10817307692307693
2 0.2403846153846154 0.5036057692307693 0.038461538461538464 0.10096153846153846
1 0.23798076923076922 0.47596153846153844 0.007211538461538462 0.014423076923076924