2 0.7439903846153846 0.1971153846153846 0.11899038461538461 0.3605769230769231
2 0.6213942307692307 0.14783653846153846 0.07932692307692307 0.2920673076923077
2 0.6165865384615384 0.5432692307692307 0.13942307692307693 0.23918269230769232
1 0.5973557692307693 0.4807692307692308 0.025240384615384616 0.03125
2 0.5252403846153846 0.5072115384615384 0.12860576923076922 0.0985576923076923
2 0.5336538461538461 0.5637019230769231 0.12620192307692307 0.0985576923076923
2 0.4519230769230769 0.6262019230769231 0.25 0.078125
2 0.5228365384615384 0.6778846153846154 0.18870192307692307 0.07451923076923077
2 0.5733173076923077 0.796875 0.15144230769230768 0.40625
2 0.5673076923076923 0.7163461538461539 0.027644230769230768 0.06129807692307692
2 0.7944711538461539 0.9399038461538461 0.10336538461538461 0.1201923076923077
2 0.33774038461538464 0.48677884615384615 0.125 0.3894230769230769
1 0.33653846153846156 0.36538461538461536 0.021634615384615384 0.04326923076923077
2 0.20673076923076922 0.3737980769230769 0.0985576923076923 0.3737980769230769
2 0.06850961538461539 0.28125 0.078125 0.33774038461538464
3 0.3918269230769231 0.3125 0.0829326923076923 0.3473557692307692
2 0.0673076923076923 0.14903846153846154 0.09735576923076923 0.2956730769230769