2 0.5384615384615384 0.39663461538461536 0.0733173076923077 0.25
3 0.5913461538461539 0.3870192307692308 0.09254807692307693 0.25721153846153844
3 0.6778846153846154 0.41586538461538464 0.0673076923076923 0.2932692307692308
2 0.41346153846153844 0.4987980769230769 0.06610576923076923 0.20793269230769232
2 0.39302884615384615 0.5865384615384616 0.055288461538461536 0.2608173076923077
2 0.35096153846153844 0.6310096153846154 0.0829326923076923 0.27403846153846156
2 0.3737980769230769 0.6105769230769231 0.03245192307692308 0.1875
2 0.33774038461538464 0.7151442307692307 0.0829326923076923 0.24879807692307693
1 0.3269230769230769 0.6370192307692307 0.021634615384615384 0.03125
1 0.3473557692307692 0.59375 0.019230769230769232 0.040865384615384616
2 0.5649038461538461 0.5408653846153846 0.04807692307692308 0.27163461538461536
2 0.5564903846153846 0.5841346153846154 0.04807692307692308 0.28725961538461536
2 0.5324519230769231 0.6310096153846154 0.057692307692307696 0.2956730769230769
1 0.5336538461538461 0.5576923076923077 0.020432692307692308 0.03485576923076923
2 0.49759615384615385 0.6899038461538461 0.06370192307692307 0.3016826923076923
1 0.5012019230769231 0.6262019230769231 0.016826923076923076 0.030048076923076924
2 0.4735576923076923 0.7487980769230769 0.07211538461538461 0.29086538461538464
1 0.47596153846153844 0.671875 0.021634615384615384 0.03485576923076923
2 0.2512019230769231 0.5721153846153846 0.06610576923076923 0.2668269230769231
2 0.8786057692307693 0.5829326923076923 0.09254807692307693 0.25600961538461536
0 0.515625 0.3762019230769231 0.021634615384615384 0.036057692307692304