2 0.5012019230769231 0.6346153846153846 0.009615384615384616 0.04326923076923077
2 0.49158653846153844 0.6394230769230769 0.014423076923076924 0.057692307692307696
2 0.5492788461538461 0.6394230769230769 0.016826923076923076 0.056490384615384616
2 0.5288461538461539 0.6394230769230769 0.016826923076923076 0.0733173076923077
2 0.609375 0.6538461538461539 0.015625 0.0889423076923077
2 0.6947115384615384 0.6634615384615384 0.03245192307692308 0.12379807692307693
2 0.2980769230769231 0.6598557692307693 0.021634615384615384 0.12860576923076922
2 0.31850961538461536 0.6574519230769231 0.03485576923076923 0.16346153846153846
2 0.3473557692307692 0.6634615384615384 0.027644230769230768 0.19230769230769232
2 0.38100961538461536 0.6622596153846154 0.040865384615384616 0.2283653846153846
2 0.3918269230769231 0.7295673076923077 0.0673076923076923 0.28125
2 0.4651442307692308 0.6694711538461539 0.04326923076923077 0.18870192307692307
1 0.39903846153846156 0.6370192307692307 0.016826923076923076 0.030048076923076924
2 0.22235576923076922 0.6478365384615384 0.040865384615384616 0.18028846153846154
2 0.2439903846153846 0.6430288461538461 0.036057692307692304 0.18870192307692307
2 0.2403846153846154 0.6887019230769231 0.0625 0.2091346153846154
2 0.12259615384615384 0.8028846153846154 0.14182692307692307 0.38100961538461536
2 0.8088942307692307 0.5805288461538461 0.265625 0.8389423076923077
1 0.828125 0.6730769230769231 0.046875 0.1045673076923077
0 0.7980769230769231 0.23677884615384615 0.0985576923076923 0.12980769230769232
3 0.2692307692307692 0.6466346153846154 0.037259615384615384 0.11538461538461539
2 0.01201923076923077 0.625 0.015625 0.05048076923076923