2 0.8617788461538461 0.28846153846153844 0.11057692307692307 0.31850961538461536
2 0.7584134615384616 0.23076923076923078 0.10096153846153846 0.328125
2 0.6923076923076923 0.12379807692307693 0.11298076923076923 0.2439903846153846
0 0.5901442307692307 0.31009615384615385 0.027644230769230768 0.051682692307692304
2 0.5649038461538461 0.5348557692307693 0.08653846153846154 0.3329326923076923
1 0.5540865384615384 0.4387019230769231 0.03245192307692308 0.037259615384615384
3 0.41947115384615385 0.40625 0.09495192307692307 0.1658653846153846
2 0.5048076923076923 0.6141826923076923 0.1310096153846154 0.30649038461538464
2 0.4170673076923077 0.5528846153846154 0.1310096153846154 0.14903846153846154
1 0.5120192307692307 0.5204326923076923 0.020432692307692308 0.037259615384615384
2 0.39663461538461536 0.6009615384615384 0.09375 0.13942307692307693
2 0.4230769230769231 0.7307692307692307 0.12860576923076922 0.09495192307692307
1 0.40625 0.7632211538461539 0.021634615384615384 0.02403846153846154
2 0.026442307692307692 0.10216346153846154 0.05048076923076923 0.20192307692307693
2 0.09735576923076923 0.25 0.1502403846153846 0.2848557692307692
2 0.1045673076923077 0.3737980769230769 0.09735576923076923 0.32211538461538464
2 0.18269230769230768 0.4579326923076923 0.09975961538461539 0.36538461538461536
1 0.1658653846153846 0.3737980769230769 0.03125 0.04807692307692308
2 0.21153846153846154 0.5036057692307693 0.07692307692307693 0.3894230769230769
1 0.19831730769230768 0.4110576923076923 0.015625 0.040865384615384616
2 0.23076923076923078 0.6105769230769231 0.09254807692307693 0.3798076923076923
1 0.22235576923076922 0.5348557692307693 0.027644230769230768 0.055288461538461536
2 0.35096153846153844 0.7752403846153846 0.10336538461538461 0.4170673076923077
1 0.34375 0.6862980769230769 0.03125 0.04807692307692308
2 0.45913461538461536 0.9290865384615384 0.09975961538461539 0.14182692307692307
1 0.46153846153846156 0.9807692307692307 0.030048076923076924 0.038461538461538464