2 0.4675480769230769 0.06490384615384616 0.11298076923076923 0.12620192307692307
2 0.4074519230769231 0.2439903846153846 0.10576923076923077 0.3317307692307692
2 0.3233173076923077 0.4338942307692308 0.10336538461538461 0.35336538461538464
3 0.7872596153846154 0.484375 0.09014423076923077 0.375
2 0.5480769230769231 0.5504807692307693 0.08653846153846154 0.3137019230769231
1 0.53125 0.4699519230769231 0.021634615384615384 0.025240384615384616
0 0.6153846153846154 0.4387019230769231 0.03485576923076923 0.05889423076923077
2 0.3786057692307692 0.6838942307692307 0.1971153846153846 0.15504807692307693
2 0.4026442307692308 0.7043269230769231 0.140625 0.109375
2 0.2620192307692308 0.703125 0.13942307692307693 0.11298076923076923
2 0.20192307692307693 0.546875 0.08774038461538461 0.38100961538461536
2 0.25721153846153844 0.5949519230769231 0.1141826923076923 0.359375
2 0.16346153846153846 0.6189903846153846 0.09495192307692307 0.38461538461538464
2 0.040865384615384616 0.7944711538461539 0.078125 0.3425480769230769
2 0.020432692307692308 0.8557692307692307 0.037259615384615384 0.2608173076923077
2 0.7103365384615384 0.8413461538461539 0.0985576923076923 0.3173076923076923
2 0.6129807692307693 0.9543269230769231 0.07451923076923077 0.08413461538461539
1 0.7139423076923077 0.7908653846153846 0.03485576923076923 0.04567307692307692
2 0.9471153846153846 0.5516826923076923 0.09975961538461539 0.3942307692307692