2 0.5817307692307693 0.13221153846153846 0.07692307692307693 0.2608173076923077
2 0.47596153846153844 0.14182692307692307 0.0829326923076923 0.28125
2 0.44471153846153844 0.21875 0.10576923076923077 0.3713942307692308
2 0.4387019230769231 0.33653846153846156 0.10576923076923077 0.24278846153846154
2 0.41586538461538464 0.5204326923076923 0.1658653846153846 0.25600961538461536
2 0.4387019230769231 0.5348557692307693 0.13581730769230768 0.3329326923076923
2 0.4579326923076923 0.5973557692307693 0.09735576923076923 0.4026442307692308
2 0.6322115384615384 0.5661057692307693 0.1141826923076923 0.3401442307692308
2 0.6370192307692307 0.6370192307692307 0.109375 0.390625
2 0.8209134615384616 0.9266826923076923 0.13701923076923078 0.1466346153846154
1 0.8293269230769231 0.9735576923076923 0.037259615384615384 0.05048076923076923
0 0.515625 0.6538461538461539 0.03485576923076923 0.042067307692307696
2 0.19951923076923078 0.6394230769230769 0.12139423076923077 0.3942307692307692
2 0.9783653846153846 0.22596153846153846 0.042067307692307696 0.22596153846153846
3 0.6766826923076923 0.3870192307692308 0.11538461538461539 0.3293269230769231