2 0.8365384615384616 0.3425480769230769 0.20432692307692307 0.3401442307692308
2 0.6838942307692307 0.38221153846153844 0.14182692307692307 0.3245192307692308
2 0.5120192307692307 0.30649038461538464 0.09735576923076923 0.2980769230769231
2 0.5480769230769231 0.24879807692307693 0.12379807692307693 0.3233173076923077
2 0.4699519230769231 0.6466346153846154 0.10576923076923077 0.3293269230769231
0 0.484375 0.2512019230769231 0.027644230769230768 0.0733173076923077
3 0.10096153846153846 0.5 0.07692307692307693 0.390625
2 0.010817307692307692 0.4326923076923077 0.019230769230769232 0.2932692307692308
2 0.042067307692307696 0.6370192307692307 0.07451923076923077 0.41225961538461536
2 0.12740384615384615 0.6778846153846154 0.08653846153846154 0.33413461538461536
2 0.18870192307692307 0.6502403846153846 0.08774038461538461 0.25961538461538464
2 0.30649038461538464 0.7403846153846154 0.1935096153846154 0.1622596153846154
2 0.21634615384615385 0.8485576923076923 0.06971153846153846 0.15985576923076922
2 0.3076923076923077 0.8545673076923077 0.08173076923076923 0.1622596153846154
2 0.2692307692307692 0.8545673076923077 0.08653846153846154 0.28725961538461536
1 0.46153846153846156 0.5673076923076923 0.030048076923076924 0.037259615384615384
1 0.2548076923076923 0.8377403846153846 0.037259615384615384 0.06129807692307692
1 0.14302884615384615 0.8161057692307693 0.03245192307692308 0.052884615384615384
1 0.13221153846153846 0.6286057692307693 0.037259615384615384 0.05048076923076923
1 0.021634615384615384 0.5288461538461539 0.030048076923076924 0.06370192307692307