2 0.10216346153846154 0.4807692307692308 0.14182692307692307 0.21514423076923078
0 0.025240384615384616 0.5264423076923077 0.03485576923076923 0.0625
2 0.44591346153846156 0.5637019230769231 0.15144230769230768 0.1814903846153846
2 0.44471153846153844 0.5552884615384616 0.09975961538461539 0.4375
1 0.453125 0.4543269230769231 0.03485576923076923 0.05048076923076923
2 0.3137019230769231 0.5673076923076923 0.0889423076923077 0.4567307692307692
2 0.19831730769230768 0.5973557692307693 0.08774038461538461 0.4074519230769231
2 0.5793269230769231 0.3798076923076923 0.11778846153846154 0.41225961538461536
1 0.1875 0.5276442307692307 0.03125 0.06850961538461539
2 0.4411057692307692 0.3004807692307692 0.09254807692307693 0.2668269230769231
2 0.7283653846153846 0.3762019230769231 0.06129807692307692 0.3629807692307692
2 0.7716346153846154 0.3942307692307692 0.040865384615384616 0.390625
2 0.8076923076923077 0.47716346153846156 0.09014423076923077 0.4170673076923077
2 0.921875 0.2776442307692308 0.109375 0.3786057692307692
3 0.9615384615384616 0.5588942307692307 0.07692307692307693 0.3786057692307692
2 0.96875 0.7427884615384616 0.0625 0.3125
2 0.9471153846153846 0.9170673076923077 0.1045673076923077 0.1622596153846154
1 0.9627403846153846 0.9663461538461539 0.026442307692307692 0.057692307692307696