3 0.7211538461538461 0.21634615384615385 0.04567307692307692 0.0829326923076923
2 0.8173076923076923 0.2848557692307692 0.05889423076923077 0.11538461538461539
2 0.7920673076923077 0.47475961538461536 0.052884615384615384 0.1310096153846154
1 0.7908653846153846 0.4362980769230769 0.010817307692307692 0.019230769230769232
2 0.6754807692307693 0.48197115384615385 0.0625 0.0985576923076923
2 0.5588942307692307 0.5949519230769231 0.052884615384615384 0.13942307692307693
2 0.5264423076923077 0.5637019230769231 0.04326923076923077 0.10817307692307693
1 0.5564903846153846 0.5637019230769231 0.010817307692307692 0.016826923076923076
0 0.5444711538461539 0.5528846153846154 0.010817307692307692 0.020432692307692308
2 0.4098557692307692 0.6286057692307693 0.042067307692307696 0.14182692307692307
1 0.4098557692307692 0.5949519230769231 0.009615384615384616 0.020432692307692308
2 0.3485576923076923 0.5841346153846154 0.03125 0.13701923076923078
2 0.35096153846153844 0.5925480769230769 0.046875 0.14182692307692307
1 0.3545673076923077 0.5564903846153846 0.009615384615384616 0.015625
2 0.3088942307692308 0.6418269230769231 0.036057692307692304 0.13701923076923078
2 0.33533653846153844 0.65625 0.042067307692307696 0.1502403846153846
1 0.30528846153846156 0.6165865384615384 0.009615384615384616 0.020432692307692308
1 0.3293269230769231 0.6310096153846154 0.007211538461538462 0.019230769230769232
2 0.27524038461538464 0.7283653846153846 0.038461538461538464 0.15745192307692307
1 0.2764423076923077 0.6983173076923077 0.009615384615384616 0.021634615384615384
2 0.33052884615384615 0.7512019230769231 0.04567307692307692 0.14903846153846154
1 0.32572115384615385 0.7175480769230769 0.014423076923076924 0.019230769230769232
3 0.38221153846153844 0.7427884615384616 0.040865384615384616 0.13581730769230768
2 0.23076923076923078 0.9134615384615384 0.046875 0.17307692307692307
1 0.22956730769230768 0.8737980769230769 0.01201923076923077 0.020432692307692308
2 0.4423076923076923 0.9423076923076923 0.056490384615384616 0.11538461538461539
1 0.4362980769230769 0.9411057692307693 0.014423076923076924 0.021634615384615384
2 0.19230769230769232 0.7439903846153846 0.040865384615384616 0.16105769230769232
1 0.18629807692307693 0.7067307692307693 0.009615384615384616 0.016826923076923076
2 0.19110576923076922 0.7848557692307693 0.042067307692307696 0.140625
1 0.18389423076923078 0.7463942307692307 0.015625 0.015625
2 0.1346153846153846 0.7848557692307693 0.055288461538461536 0.15625
1 0.12620192307692307 0.7596153846153846 0.01201923076923077 0.021634615384615384
2 0.15625 0.8221153846153846 0.04326923076923077 0.16706730769230768
1 0.15144230769230768 0.7776442307692307 0.01201923076923077 0.016826923076923076
2 0.09014423076923077 0.34615384615384615 0.046875 0.1141826923076923
1 0.08774038461538461 0.3245192307692308 0.007211538461538462 0.016826923076923076
2 0.021634615384615384 0.8689903846153846 0.038461538461538464 0.18629807692307693
1 0.018028846153846152 0.8305288461538461 0.014423076923076924 0.026442307692307692