2 0.7487980769230769 0.4110576923076923 0.13942307692307693 0.40024038461538464
2 0.6550480769230769 0.3629807692307692 0.15504807692307693 0.3449519230769231
2 0.5552884615384616 0.4338942307692308 0.1622596153846154 0.2512019230769231
2 0.6622596153846154 0.5384615384615384 0.1658653846153846 0.3858173076923077
2 0.3918269230769231 0.43149038461538464 0.18269230769230768 0.4026442307692308
0 0.3449519230769231 0.38221153846153844 0.036057692307692304 0.0625
2 0.49158653846153844 0.6057692307692307 0.15144230769230768 0.3581730769230769
2 0.828125 0.7524038461538461 0.171875 0.4387019230769231
2 0.9675480769230769 0.6598557692307693 0.06370192307692307 0.3389423076923077
1 0.8052884615384616 0.6622596153846154 0.02403846153846154 0.06129807692307692
2 0.3401442307692308 0.9254807692307693 0.15504807692307693 0.14903846153846154
1 0.35216346153846156 0.9543269230769231 0.04567307692307692 0.056490384615384616
2 0.6502403846153846 0.9122596153846154 0.1466346153846154 0.17548076923076922
1 0.6610576923076923 0.9423076923076923 0.037259615384615384 0.0625