2 0.5733173076923077 0.06610576923076923 0.06850961538461539 0.12980769230769232
2 0.5120192307692307 0.12860576923076922 0.07692307692307693 0.2536057692307692
2 0.5108173076923077 0.18269230769230768 0.10336538461538461 0.30649038461538464
2 0.4026442307692308 0.23197115384615385 0.10096153846153846 0.27403846153846156
2 0.36177884615384615 0.33052884615384615 0.10096153846153846 0.2704326923076923
2 0.3125 0.4375 0.08173076923076923 0.29086538461538464
2 0.35336538461538464 0.5348557692307693 0.10096153846153846 0.1971153846153846
2 0.43509615384615385 0.5252403846153846 0.11778846153846154 0.24879807692307693
2 0.4831730769230769 0.5384615384615384 0.125 0.19951923076923078
2 0.5612980769230769 0.5192307692307693 0.10817307692307693 0.21875
2 0.22716346153846154 0.5721153846153846 0.11778846153846154 0.35336538461538464
1 0.21033653846153846 0.49278846153846156 0.026442307692307692 0.04567307692307692
2 0.018028846153846152 0.7259615384615384 0.03245192307692308 0.36538461538461536
2 0.9831730769230769 0.2980769230769231 0.03245192307692308 0.3004807692307692
2 0.7956730769230769 0.3269230769230769 0.09495192307692307 0.2824519230769231
2 0.7716346153846154 0.4567307692307692 0.10817307692307693 0.29086538461538464
1 0.7704326923076923 0.3870192307692308 0.03125 0.042067307692307696
2 0.7355769230769231 0.5685096153846154 0.125 0.3473557692307692
1 0.7307692307692307 0.48677884615384615 0.030048076923076924 0.04567307692307692
3 0.5685096153846154 0.5588942307692307 0.10336538461538461 0.2980769230769231
2 0.8846153846153846 0.7019230769230769 0.1201923076923077 0.36778846153846156
1 0.8677884615384616 0.6165865384615384 0.030048076923076924 0.051682692307692304