2 0.3870192307692308 0.17548076923076922 0.13581730769230768 0.3161057692307692
2 0.40625 0.46033653846153844 0.07451923076923077 0.3389423076923077
2 0.4723557692307692 0.5240384615384616 0.08413461538461539 0.25721153846153844
2 0.5528846153846154 0.5997596153846154 0.12139423076923077 0.29086538461538464
2 0.5024038461538461 0.6706730769230769 0.12980769230769232 0.3245192307692308
2 0.23317307692307693 0.4807692307692308 0.08653846153846154 0.2860576923076923
2 0.31971153846153844 0.5853365384615384 0.08653846153846154 0.3485576923076923
2 0.21995192307692307 0.6081730769230769 0.08173076923076923 0.28725961538461536
2 0.34975961538461536 0.6382211538461539 0.12620192307692307 0.3449519230769231
2 0.4519230769230769 0.8485576923076923 0.12379807692307693 0.28725961538461536
2 0.2091346153846154 0.8425480769230769 0.1466346153846154 0.3137019230769231
2 0.6237980769230769 0.9375 0.10336538461538461 0.125
2 0.9495192307692307 0.45552884615384615 0.10096153846153846 0.2704326923076923
2 0.9591346153846154 0.17427884615384615 0.08173076923076923 0.28846153846153844
2 0.05889423076923077 0.4182692307692308 0.11538461538461539 0.2932692307692308
2 0.5120192307692307 0.09014423076923077 0.11538461538461539 0.17668269230769232
0 0.4483173076923077 0.4855769230769231 0.025240384615384616 0.042067307692307696
1 0.3293269230769231 0.578125 0.037259615384615384 0.052884615384615384
1 0.5432692307692307 0.5408653846153846 0.021634615384615384 0.038461538461538464
1 0.17307692307692307 0.8064903846153846 0.037259615384615384 0.04807692307692308
1 0.43028846153846156 0.8449519230769231 0.030048076923076924 0.05048076923076923
1 0.4951923076923077 0.6081730769230769 0.025240384615384616 0.042067307692307696
1 0.20432692307692307 0.5444711538461539 0.025240384615384616 0.051682692307692304