3 0.9242788461538461 0.3485576923076923 0.03245192307692308 0.08173076923076923
2 0.8822115384615384 0.4050480769230769 0.046875 0.08653846153846154
1 0.8822115384615384 0.38461538461538464 0.006009615384615385 0.014423076923076924
2 0.8305288461538461 0.3629807692307692 0.03245192307692308 0.06850961538461539
2 0.7932692307692307 0.3942307692307692 0.038461538461538464 0.0733173076923077
2 0.7596153846153846 0.4026442307692308 0.027644230769230768 0.055288461538461536
2 0.7235576923076923 0.4230769230769231 0.037259615384615384 0.06370192307692307
2 0.7668269230769231 0.4543269230769231 0.037259615384615384 0.078125
1 0.7620192307692307 0.4411057692307692 0.009615384615384616 0.016826923076923076
2 0.7704326923076923 0.5120192307692307 0.03125 0.0625
1 0.7668269230769231 0.49759615384615385 0.006009615384615385 0.014423076923076924
2 0.7151442307692307 0.5276442307692307 0.04807692307692308 0.08173076923076923
1 0.7055288461538461 0.5168269230769231 0.007211538461538462 0.01201923076923077
3 0.5673076923076923 0.5733173076923077 0.040865384615384616 0.06850961538461539
2 0.6706730769230769 0.6502403846153846 0.040865384615384616 0.08653846153846154
1 0.6658653846153846 0.6370192307692307 0.007211538461538462 0.016826923076923076
2 0.4675480769230769 0.5372596153846154 0.03125 0.06971153846153846
2 0.47475961538461536 0.6009615384615384 0.036057692307692304 0.09254807692307693
1 0.4735576923076923 0.5805288461538461 0.006009615384615385 0.010817307692307692
2 0.3894230769230769 0.5865384615384616 0.03245192307692308 0.07932692307692307
2 0.3425480769230769 0.6322115384615384 0.036057692307692304 0.078125
2 0.19110576923076922 0.6923076923076923 0.036057692307692304 0.08413461538461539
2 0.08413461538461539 0.6502403846153846 0.040865384615384616 0.0889423076923077
2 0.42788461538461536 0.9014423076923077 0.025240384615384616 0.08173076923076923
2 0.41947115384615385 0.9266826923076923 0.030048076923076924 0.08774038461538461
2 0.24158653846153846 0.984375 0.026442307692307692 0.03125
2 0.1346153846153846 0.2644230769230769 0.042067307692307696 0.0889423076923077