2 0.4855769230769231 0.11298076923076923 0.10336538461538461 0.22235576923076922
3 0.7007211538461539 0.10096153846153846 0.09495192307692307 0.19951923076923078
2 0.24639423076923078 0.5036057692307693 0.09014423076923077 0.2860576923076923
2 0.3317307692307692 0.484375 0.09735576923076923 0.1875
2 0.3605769230769231 0.5360576923076923 0.11778846153846154 0.109375
2 0.43149038461538464 0.5769230769230769 0.09375 0.23317307692307693
2 0.5480769230769231 0.38221153846153844 0.08173076923076923 0.21153846153846154
2 0.5288461538461539 0.4951923076923077 0.07692307692307693 0.2692307692307692
2 0.5805288461538461 0.5805288461538461 0.10096153846153846 0.3293269230769231
2 0.7271634615384616 0.5240384615384616 0.08653846153846154 0.296875
2 0.5144230769230769 0.7536057692307693 0.12139423076923077 0.3557692307692308
2 0.29927884615384615 0.6502403846153846 0.11057692307692307 0.328125
3 0.41466346153846156 0.8689903846153846 0.09495192307692307 0.2620192307692308
0 0.3425480769230769 0.5661057692307693 0.019230769230769232 0.03485576923076923
1 0.5757211538461539 0.5036057692307693 0.020432692307692308 0.038461538461538464
1 0.4326923076923077 0.4963942307692308 0.027644230769230768 0.030048076923076924
1 0.48197115384615385 0.6875 0.020432692307692308 0.04326923076923077
1 0.3137019230769231 0.5925480769230769 0.015625 0.042067307692307696
1 0.7259615384615384 0.46153846153846156 0.014423076923076924 0.038461538461538464
1 0.23798076923076922 0.41346153846153844 0.021634615384615384 0.03245192307692308