2 0.6057692307692307 0.42908653846153844 0.0889423076923077 0.23918269230769232
2 0.6189903846153846 0.5432692307692307 0.078125 0.3473557692307692
1 0.6081730769230769 0.47836538461538464 0.03245192307692308 0.05889423076923077
2 0.6021634615384616 0.7475961538461539 0.12379807692307693 0.39903846153846156
1 0.59375 0.6430288461538461 0.040865384615384616 0.06370192307692307
2 0.47596153846153844 0.3557692307692308 0.125 0.15985576923076922
2 0.5192307692307693 0.4879807692307692 0.14182692307692307 0.21995192307692307
1 0.5072115384615384 0.40625 0.021634615384615384 0.03485576923076923
2 0.34615384615384615 0.3918269230769231 0.10817307692307693 0.25
2 0.45552884615384615 0.4963942307692308 0.19471153846153846 0.16826923076923078
2 0.4795673076923077 0.5528846153846154 0.1502403846153846 0.15144230769230768
2 0.30649038461538464 0.5072115384615384 0.15144230769230768 0.14423076923076922
3 0.3942307692307692 0.5865384615384616 0.09975961538461539 0.359375
2 0.25961538461538464 0.11057692307692307 0.109375 0.21875
2 0.23317307692307693 0.2824519230769231 0.10096153846153846 0.3161057692307692
2 0.22235576923076922 0.5060096153846154 0.12860576923076922 0.36899038461538464
1 0.1935096153846154 0.42788461538461536 0.021634615384615384 0.04807692307692308