3 0.7560096153846154 0.7620192307692307 0.1466346153846154 0.390625
2 0.8629807692307693 0.13221153846153846 0.09014423076923077 0.2608173076923077
2 0.8197115384615384 0.23317307692307693 0.1201923076923077 0.3641826923076923
2 0.8293269230769231 0.3088942307692308 0.13581730769230768 0.328125
2 0.5961538461538461 0.2932692307692308 0.1045673076923077 0.3293269230769231
2 0.53125 0.25961538461538464 0.11899038461538461 0.35096153846153844
2 0.5024038461538461 0.33413461538461536 0.1201923076923077 0.3076923076923077
2 0.45913461538461536 0.4723557692307692 0.14423076923076922 0.31971153846153844
2 0.3870192307692308 0.5168269230769231 0.15264423076923078 0.2692307692307692
2 0.4375 0.6622596153846154 0.12860576923076922 0.359375
1 0.4170673076923077 0.5709134615384616 0.03125 0.04567307692307692