3 0.5745192307692307 0.11658653846153846 0.021634615384615384 0.0673076923076923
2 0.7920673076923077 0.14423076923076922 0.021634615384615384 0.0829326923076923
2 0.8677884615384616 0.28966346153846156 0.030048076923076924 0.10096153846153846
2 0.7055288461538461 0.41586538461538464 0.042067307692307696 0.08413461538461539
2 0.7427884615384616 0.4543269230769231 0.03125 0.1045673076923077
2 0.6730769230769231 0.4831730769230769 0.03125 0.109375
2 0.6935096153846154 0.5324519230769231 0.038461538461538464 0.10817307692307693
2 0.5817307692307693 0.5721153846153846 0.040865384615384616 0.10336538461538461
0 0.49759615384615385 0.5564903846153846 0.016826923076923076 0.019230769230769232
2 0.5528846153846154 0.6442307692307693 0.046875 0.11778846153846154
2 0.4831730769230769 0.7644230769230769 0.038461538461538464 0.125
1 0.48197115384615385 0.734375 0.007211538461538462 0.015625
1 0.5540865384615384 0.6153846153846154 0.007211538461538462 0.014423076923076924
2 0.4254807692307692 0.9134615384615384 0.037259615384615384 0.14182692307692307
1 0.4254807692307692 0.8762019230769231 0.009615384615384616 0.019230769230769232
2 0.41586538461538464 0.6322115384615384 0.025240384615384616 0.09254807692307693
3 0.41947115384615385 0.6730769230769231 0.042067307692307696 0.11057692307692307
1 0.4074519230769231 0.6081730769230769 0.006009615384615385 0.010817307692307692
2 0.3701923076923077 0.6442307692307693 0.046875 0.06850961538461539
2 0.3629807692307692 0.6790865384615384 0.052884615384615384 0.04807692307692308
2 0.3557692307692308 0.7019230769230769 0.036057692307692304 0.04567307692307692
2 0.3173076923076923 0.6694711538461539 0.05048076923076923 0.07932692307692307
1 0.3293269230769231 0.6526442307692307 0.007211538461538462 0.014423076923076924
2 0.2668269230769231 0.23317307692307693 0.03485576923076923 0.07692307692307693
2 0.4050480769230769 0.3269230769230769 0.036057692307692304 0.07932692307692307
2 0.3713942307692308 0.3786057692307692 0.037259615384615384 0.09014423076923077
2 0.36658653846153844 0.42427884615384615 0.042067307692307696 0.08653846153846154
2 0.3401442307692308 0.46153846153846156 0.038461538461538464 0.08173076923076923
2 0.328125 0.515625 0.03485576923076923 0.09735576923076923
2 0.3173076923076923 0.6021634615384616 0.040865384615384616 0.0985576923076923
2 0.2860576923076923 0.6526442307692307 0.03485576923076923 0.11899038461538461
2 0.2620192307692308 0.7235576923076923 0.03245192307692308 0.125
2 0.23798076923076922 0.7860576923076923 0.040865384615384616 0.12139423076923077
2 0.18990384615384615 0.8677884615384616 0.03245192307692308 0.1141826923076923
1 0.18509615384615385 0.8425480769230769 0.010817307692307692 0.016826923076923076
1 0.22596153846153846 0.7632211538461539 0.004807692307692308 0.016826923076923076
3 0.20192307692307693 0.9435096153846154 0.030048076923076924 0.11298076923076923
2 0.20432692307692307 0.6213942307692307 0.051682692307692304 0.09735576923076923
2 0.013221153846153846 0.5408653846153846 0.02403846153846154 0.10817307692307693
1 0.003605769230769231 0.5276442307692307 0.003605769230769231 0.015625