3 0.1201923076923077 0.27283653846153844 0.08774038461538461 0.3016826923076923
2 0.3894230769230769 0.3173076923076923 0.125 0.28125
2 0.2932692307692308 0.53125 0.1310096153846154 0.3161057692307692
2 0.13701923076923078 0.6478365384615384 0.10336538461538461 0.3641826923076923
1 0.13581730769230768 0.5637019230769231 0.025240384615384616 0.05889423076923077
2 0.07211538461538461 0.7307692307692307 0.12980769230769232 0.3858173076923077
1 0.04807692307692308 0.6370192307692307 0.014423076923076924 0.051682692307692304
2 0.6237980769230769 0.5096153846153846 0.11899038461538461 0.3137019230769231
1 0.6033653846153846 0.42788461538461536 0.03245192307692308 0.04567307692307692
2 0.5600961538461539 0.5805288461538461 0.11778846153846154 0.3798076923076923
1 0.5552884615384616 0.47836538461538464 0.026442307692307692 0.036057692307692304
2 0.4543269230769231 0.8052884615384616 0.13221153846153846 0.3894230769230769
1 0.43990384615384615 0.6935096153846154 0.02403846153846154 0.040865384615384616
2 0.31971153846153844 0.84375 0.13942307692307693 0.3125
1 0.2932692307692308 0.7944711538461539 0.027644230769230768 0.057692307692307696
2 0.21754807692307693 0.8125 0.13701923076923078 0.375
0 0.5841346153846154 0.5024038461538461 0.015625 0.042067307692307696