3 0.6310096153846154 0.859375 0.040865384615384616 0.08413461538461539
2 0.8028846153846154 0.75 0.040865384615384616 0.078125
2 0.8004807692307693 0.6478365384615384 0.040865384615384616 0.0733173076923077
2 0.7536057692307693 0.5973557692307693 0.036057692307692304 0.06610576923076923
2 0.59375 0.5793269230769231 0.04326923076923077 0.07451923076923077
2 0.7259615384615384 0.5192307692307693 0.03125 0.06610576923076923
2 0.6165865384615384 0.4567307692307692 0.02403846153846154 0.051682692307692304
2 0.5 0.4387019230769231 0.025240384615384616 0.04326923076923077
2 0.4206730769230769 0.4675480769230769 0.030048076923076924 0.04326923076923077
2 0.44591346153846156 0.49038461538461536 0.020432692307692308 0.046875
2 0.4543269230769231 0.5901442307692307 0.040865384615384616 0.057692307692307696
2 0.46875 0.7043269230769231 0.021634615384615384 0.057692307692307696
2 0.45072115384615385 0.6790865384615384 0.030048076923076924 0.06129807692307692
2 0.33413461538461536 0.8341346153846154 0.042067307692307696 0.07932692307692307
2 0.2824519230769231 0.8197115384615384 0.040865384615384616 0.07932692307692307
2 0.22115384615384615 0.78125 0.036057692307692304 0.08173076923076923
2 0.15504807692307693 0.47596153846153844 0.030048076923076924 0.051682692307692304
2 0.16947115384615385 0.5120192307692307 0.020432692307692308 0.051682692307692304
2 0.18389423076923078 0.5480769230769231 0.020432692307692308 0.04807692307692308
3 0.23076923076923078 0.5817307692307693 0.030048076923076924 0.05889423076923077
2 0.06971153846153846 0.625 0.03245192307692308 0.06610576923076923
2 0.11899038461538461 0.5997596153846154 0.03245192307692308 0.052884615384615384
2 0.18629807692307693 0.5865384615384616 0.030048076923076924 0.046875
2 0.1658653846153846 0.6201923076923077 0.026442307692307692 0.056490384615384616
2 0.22235576923076922 0.6394230769230769 0.027644230769230768 0.052884615384615384
2 0.23798076923076922 0.6658653846153846 0.02403846153846154 0.052884615384615384
2 0.234375 0.7091346153846154 0.03125 0.055288461538461536
2 0.2704326923076923 0.7319711538461539 0.03125 0.07692307692307693
2 0.5661057692307693 0.7764423076923077 0.037259615384615384 0.07451923076923077
2 0.6153846153846154 0.7908653846153846 0.040865384615384616 0.06850961538461539
0 0.25 0.3581730769230769 0.009615384615384616 0.010817307692307692