2 0.23918269230769232 0.13221153846153846 0.0625 0.25600961538461536
2 0.3137019230769231 0.3137019230769231 0.0673076923076923 0.3125
2 0.38100961538461536 0.45552884615384615 0.09975961538461539 0.2704326923076923
2 0.3473557692307692 0.5060096153846154 0.09975961538461539 0.3076923076923077
2 0.4411057692307692 0.5372596153846154 0.09254807692307693 0.3401442307692308
2 0.5408653846153846 0.5877403846153846 0.16105769230769232 0.2512019230769231
1 0.4423076923076923 0.46033653846153844 0.021634615384615384 0.04567307692307692
2 0.5492788461538461 0.5384615384615384 0.12379807692307693 0.22235576923076922
2 0.3858173076923077 0.6442307692307693 0.08774038461538461 0.0889423076923077
3 0.5456730769230769 0.8052884615384616 0.10096153846153846 0.3401442307692308
2 0.2692307692307692 0.5841346153846154 0.0733173076923077 0.3269230769230769
1 0.25961538461538464 0.5300480769230769 0.019230769230769232 0.04807692307692308