2 0.8822115384615384 0.6550480769230769 0.036057692307692304 0.07211538461538461
2 0.5276442307692307 0.6189903846153846 0.020432692307692308 0.06610576923076923
2 0.7800480769230769 0.7307692307692307 0.025240384615384616 0.06971153846153846
2 0.5997596153846154 0.7259615384615384 0.019230769230769232 0.06370192307692307
2 0.59375 0.7776442307692307 0.021634615384615384 0.07692307692307693
2 0.625 0.8161057692307693 0.021634615384615384 0.09254807692307693
2 0.6177884615384616 0.828125 0.027644230769230768 0.07451923076923077
2 0.6442307692307693 0.8257211538461539 0.019230769230769232 0.055288461538461536
2 0.6466346153846154 0.8653846153846154 0.025240384615384616 0.07211538461538461
2 0.6213942307692307 0.8521634615384616 0.030048076923076924 0.07932692307692307
2 0.5913461538461539 0.8317307692307693 0.02403846153846154 0.08774038461538461
2 0.7800480769230769 0.9122596153846154 0.040865384615384616 0.0985576923076923
2 0.53125 0.7043269230769231 0.019230769230769232 0.06971153846153846
3 0.5276442307692307 0.7512019230769231 0.021634615384615384 0.0625
2 0.5096153846153846 0.7127403846153846 0.019230769230769232 0.0673076923076923
2 0.5072115384615384 0.7668269230769231 0.021634615384615384 0.07211538461538461
2 0.4483173076923077 0.6598557692307693 0.015625 0.052884615384615384
2 0.45913461538461536 0.6995192307692307 0.02403846153846154 0.06971153846153846
2 0.42788461538461536 0.6730769230769231 0.03125 0.06850961538461539
2 0.49399038461538464 0.6706730769230769 0.020432692307692308 0.05889423076923077
2 0.4879807692307692 0.7211538461538461 0.025240384615384616 0.07692307692307693
2 0.3557692307692308 0.6550480769230769 0.026442307692307692 0.0673076923076923
2 0.4483173076923077 0.7884615384615384 0.037259615384615384 0.08774038461538461
1 0.44711538461538464 0.7740384615384616 0.007211538461538462 0.014423076923076924
2 0.4723557692307692 0.8810096153846154 0.03485576923076923 0.08774038461538461
2 0.16826923076923078 0.6814903846153846 0.027644230769230768 0.0733173076923077