2 0.10336538461538461 0.44711538461538464 0.09014423076923077 0.36538461538461536
2 0.2512019230769231 0.5144230769230769 0.21394230769230768 0.20793269230769232
2 0.7872596153846154 0.5901442307692307 0.14543269230769232 0.21875
2 0.6899038461538461 0.5144230769230769 0.18269230769230768 0.21394230769230768
2 0.6213942307692307 0.5913461538461539 0.19471153846153846 0.21394230769230768
3 0.5420673076923077 0.5745192307692307 0.12139423076923077 0.296875
2 0.40024038461538464 0.5504807692307693 0.1658653846153846 0.21754807692307693
2 0.3449519230769231 0.5805288461538461 0.22355769230769232 0.20432692307692307
0 0.7319711538461539 0.5961538461538461 0.036057692307692304 0.042067307692307696
1 0.7848557692307693 0.5012019230769231 0.02403846153846154 0.021634615384615384
1 0.3858173076923077 0.5120192307692307 0.040865384615384616 0.019230769230769232
1 0.3004807692307692 0.4699519230769231 0.036057692307692304 0.030048076923076924
1 0.5925480769230769 0.5024038461538461 0.026442307692307692 0.016826923076923076