3 0.28365384615384615 0.21754807692307693 0.02403846153846154 0.05889423076923077
2 0.7944711538461539 0.24278846153846154 0.020432692307692308 0.0625
2 0.8509615384615384 0.3473557692307692 0.025240384615384616 0.06971153846153846
2 0.8605769230769231 0.4362980769230769 0.02403846153846154 0.07692307692307693
2 0.7920673076923077 0.4723557692307692 0.019230769230769232 0.0829326923076923
2 0.7752403846153846 0.47475961538461536 0.021634615384615384 0.0733173076923077
2 0.8401442307692307 0.546875 0.019230769230769232 0.08413461538461539
2 0.8629807692307693 0.6947115384615384 0.03245192307692308 0.0985576923076923
2 0.7752403846153846 0.6899038461538461 0.026442307692307692 0.0889423076923077
2 0.5889423076923077 0.703125 0.03125 0.09375
2 0.48677884615384615 0.6322115384615384 0.020432692307692308 0.04807692307692308
2 0.49399038461538464 0.6598557692307693 0.020432692307692308 0.046875
2 0.4951923076923077 0.6814903846153846 0.021634615384615384 0.04326923076923077
2 0.49759615384615385 0.7259615384615384 0.02403846153846154 0.09975961538461539
2 0.49038461538461536 0.7944711538461539 0.03245192307692308 0.10817307692307693
3 0.46634615384615385 0.9026442307692307 0.030048076923076924 0.1141826923076923
2 0.4495192307692308 0.8930288461538461 0.026442307692307692 0.13581730769230768
0 0.4495192307692308 0.8341346153846154 0.010817307692307692 0.021634615384615384
3 0.44350961538461536 0.8028846153846154 0.027644230769230768 0.09014423076923077
1 0.44711538461538464 0.8798076923076923 0.009615384615384616 0.015625
1 0.4879807692307692 0.765625 0.007211538461538462 0.009615384615384616
2 0.4362980769230769 0.6442307692307693 0.01201923076923077 0.038461538461538464
2 0.4483173076923077 0.6790865384615384 0.019230769230769232 0.1045673076923077
2 0.43028846153846156 0.6838942307692307 0.021634615384615384 0.06971153846153846
2 0.42788461538461536 0.7199519230769231 0.019230769230769232 0.09975961538461539
2 0.41586538461538464 0.7199519230769231 0.021634615384615384 0.1045673076923077
2 0.4110576923076923 0.7716346153846154 0.027644230769230768 0.09495192307692307
1 0.40625 0.7463942307692307 0.006009615384615385 0.016826923076923076
2 0.38341346153846156 0.8245192307692307 0.030048076923076924 0.10096153846153846
2 0.34975961538461536 0.7560096153846154 0.02403846153846154 0.09735576923076923
2 0.16466346153846154 0.6021634615384616 0.02403846153846154 0.08653846153846154
2 0.18028846153846154 0.5240384615384616 0.026442307692307692 0.07692307692307693
2 0.17307692307692307 0.4639423076923077 0.02403846153846154 0.078125
2 0.22596153846153846 0.3942307692307692 0.025240384615384616 0.0733173076923077
2 0.1814903846153846 0.35697115384615385 0.02403846153846154 0.06971153846153846