2 0.6598557692307693 0.10817307692307693 0.12139423076923077 0.2127403846153846
2 0.5661057692307693 0.18870192307692307 0.12980769230769232 0.359375
2 0.38461538461538464 0.36538461538461536 0.1201923076923077 0.41346153846153844
3 0.6766826923076923 0.5841346153846154 0.08774038461538461 0.36538461538461536
2 0.5829326923076923 0.5661057692307693 0.09975961538461539 0.3473557692307692
2 0.4807692307692308 0.6129807692307693 0.1502403846153846 0.22235576923076922
2 0.47836538461538464 0.6310096153846154 0.15985576923076922 0.09014423076923077
2 0.44711538461538464 0.6935096153846154 0.11778846153846154 0.056490384615384616
0 0.44711538461538464 0.6394230769230769 0.030048076923076924 0.038461538461538464
2 0.296875 0.5048076923076923 0.07451923076923077 0.36899038461538464
2 0.4098557692307692 0.6105769230769231 0.22235576923076922 0.20793269230769232
2 0.23317307692307693 0.5625 0.09254807692307693 0.38461538461538464
2 0.10817307692307693 0.6478365384615384 0.09975961538461539 0.4230769230769231