2 0.2283653846153846 0.2668269230769231 0.25600961538461536 0.27524038461538464
2 0.42427884615384615 0.18870192307692307 0.1141826923076923 0.36899038461538464
2 0.35216346153846156 0.25841346153846156 0.13581730769230768 0.5108173076923077
2 0.27884615384615385 0.32091346153846156 0.15745192307692307 0.2800480769230769
2 0.703125 0.30649038461538464 0.171875 0.5901442307692307
2 0.4567307692307692 0.46875 0.0985576923076923 0.5588942307692307
3 0.5084134615384616 0.4807692307692308 0.10096153846153846 0.5276442307692307
2 0.4807692307692308 0.6286057692307693 0.171875 0.625
1 0.4879807692307692 0.49038461538461536 0.040865384615384616 0.07211538461538461
2 0.6153846153846154 0.7007211538461539 0.14543269230769232 0.5985576923076923
1 0.6021634615384616 0.5733173076923077 0.042067307692307696 0.06850961538461539
2 0.6550480769230769 0.5372596153846154 0.15625 0.30288461538461536
2 0.8245192307692307 0.5324519230769231 0.13942307692307693 0.5817307692307693
2 0.8245192307692307 0.37259615384615385 0.036057692307692304 0.057692307692307696
2 0.9615384615384616 0.24519230769230768 0.07692307692307693 0.4879807692307692