2 0.7271634615384616 0.07572115384615384 0.0985576923076923 0.14903846153846154
2 0.9459134615384616 0.15144230769230768 0.0985576923076923 0.3004807692307692
2 0.8125 0.46875 0.1466346153846154 0.3473557692307692
2 0.7199519230769231 0.5600961538461539 0.12620192307692307 0.3762019230769231
2 0.7872596153846154 0.8064903846153846 0.1466346153846154 0.3870192307692308
2 0.6322115384615384 0.7824519230769231 0.1622596153846154 0.39663461538461536
2 0.5504807692307693 0.6045673076923077 0.2403846153846154 0.1935096153846154
2 0.41586538461538464 0.40384615384615385 0.1346153846153846 0.2608173076923077
2 0.4543269230769231 0.5408653846153846 0.15144230769230768 0.3137019230769231
2 0.36899038461538464 0.5564903846153846 0.2091346153846154 0.18629807692307693
2 0.37259615384615385 0.84375 0.12980769230769232 0.3125
2 0.13822115384615385 0.2127403846153846 0.0985576923076923 0.3858173076923077
2 0.11057692307692307 0.53125 0.10336538461538461 0.49038461538461536
2 0.2247596153846154 0.39783653846153844 0.08413461538461539 0.3954326923076923
2 0.31850961538461536 0.5012019230769231 0.10096153846153846 0.35096153846153844
2 0.2824519230769231 0.5456730769230769 0.15504807692307693 0.4519230769230769
1 0.3449519230769231 0.8365384615384616 0.02403846153846154 0.0625
1 0.5168269230769231 0.7752403846153846 0.026442307692307692 0.06129807692307692
1 0.6550480769230769 0.6911057692307693 0.037259615384615384 0.052884615384615384
1 0.26322115384615385 0.4651442307692308 0.036057692307692304 0.07451923076923077
1 0.11538461538461539 0.43028846153846156 0.036057692307692304 0.07451923076923077
1 0.796875 0.38822115384615385 0.03485576923076923 0.051682692307692304
1 0.30408653846153844 0.39302884615384615 0.03245192307692308 0.030048076923076924