2 0.9819711538461539 0.15384615384615385 0.036057692307692304 0.30288461538461536
2 0.9362980769230769 0.46153846153846156 0.11778846153846154 0.5060096153846154
2 0.8112980769230769 0.4651442307692308 0.12980769230769232 0.4699519230769231
2 0.8377403846153846 0.6634615384615384 0.12860576923076922 0.4254807692307692
2 0.8353365384615384 0.8425480769230769 0.13942307692307693 0.3137019230769231
2 0.6935096153846154 0.6971153846153846 0.14423076923076922 0.5144230769230769
2 0.6947115384615384 0.8617788461538461 0.13701923076923078 0.2764423076923077
2 0.15504807692307693 0.3713942307692308 0.10817307692307693 0.4423076923076923
2 0.38100961538461536 0.7512019230769231 0.11778846153846154 0.4338942307692308
2 0.37259615384615385 0.9158653846153846 0.15144230769230768 0.16706730769230768
2 0.43028846153846156 0.8125 0.11538461538461539 0.375
2 0.3245192307692308 0.9002403846153846 0.15745192307692307 0.19951923076923078
3 0.6129807692307693 0.3629807692307692 0.18629807692307693 0.43028846153846156
1 0.6911057692307693 0.5817307692307693 0.030048076923076924 0.055288461538461536
1 0.8401442307692307 0.6009615384615384 0.040865384615384616 0.07692307692307693
1 0.8353365384615384 0.8269230769230769 0.03245192307692308 0.0673076923076923
1 0.6971153846153846 0.8713942307692307 0.030048076923076924 0.052884615384615384
1 0.32572115384615385 0.9230769230769231 0.03245192307692308 0.06129807692307692
1 0.9411057692307693 0.3485576923076923 0.036057692307692304 0.056490384615384616
1 0.36899038461538464 0.8689903846153846 0.040865384615384616 0.021634615384615384