2 0.5072115384615384 0.3918269230769231 0.25600961538461536 0.6502403846153846
2 0.15865384615384615 0.4375 0.23918269230769232 0.6935096153846154
2 0.3317307692307692 0.5865384615384616 0.12860576923076922 0.8269230769230769
2 0.7283653846153846 0.4963942307692308 0.2776442307692308 0.5216346153846154
2 0.9266826923076923 0.6947115384615384 0.1466346153846154 0.5817307692307693
1 0.9747596153846154 0.7932692307692307 0.05048076923076923 0.1658653846153846
2 0.7728365384615384 0.7271634615384616 0.28846153846153844 0.5456730769230769
1 0.7740384615384616 0.8846153846153846 0.06370192307692307 0.17668269230769232
2 0.4723557692307692 0.6923076923076923 0.33413461538461536 0.6153846153846154
1 0.4675480769230769 0.8016826923076923 0.0733173076923077 0.1622596153846154
2 0.18629807692307693 0.6802884615384616 0.23076923076923078 0.6394230769230769
1 0.1502403846153846 0.7692307692307693 0.046875 0.17548076923076922