2 0.11538461538461539 0.19951923076923078 0.09495192307692307 0.39663461538461536
2 0.17067307692307693 0.3449519230769231 0.125 0.47475961538461536
1 0.15865384615384615 0.24519230769230768 0.036057692307692304 0.056490384615384616
2 0.23557692307692307 0.5108173076923077 0.1141826923076923 0.44350961538461536
1 0.2127403846153846 0.43149038461538464 0.016826923076923076 0.052884615384615384
2 0.4074519230769231 0.6598557692307693 0.12860576923076922 0.4387019230769231
2 0.4411057692307692 0.6430288461538461 0.24519230769230768 0.16346153846153846
2 0.33774038461538464 0.7716346153846154 0.1201923076923077 0.1622596153846154
1 0.36538461538461536 0.5841346153846154 0.021634615384615384 0.02403846153846154
1 0.41346153846153844 0.5360576923076923 0.021634615384615384 0.04326923076923077
2 0.5204326923076923 0.7451923076923077 0.09014423076923077 0.1502403846153846
0 0.47596153846153844 0.7403846153846154 0.030048076923076924 0.040865384615384616
2 0.5480769230769231 0.5132211538461539 0.0829326923076923 0.28846153846153844
2 0.6105769230769231 0.6213942307692307 0.07451923076923077 0.38221153846153844
3 0.4411057692307692 0.8725961538461539 0.10817307692307693 0.2548076923076923
2 0.6009615384615384 0.6514423076923077 0.12860576923076922 0.4651442307692308
1 0.5877403846153846 0.5348557692307693 0.021634615384615384 0.04326923076923077
1 0.6310096153846154 0.5132211538461539 0.014423076923076924 0.038461538461538464
3 0.4723557692307692 0.15144230769230768 0.09735576923076923 0.3004807692307692
2 0.037259615384615384 0.7355769230769231 0.07211538461538461 0.29086538461538464