2 0.234375 0.41586538461538464 0.1346153846153846 0.1466346153846154
2 0.6995192307692307 0.49278846153846156 0.09735576923076923 0.20673076923076922
2 0.6442307692307693 0.5216346153846154 0.17067307692307693 0.20673076923076922
2 0.609375 0.5504807692307693 0.1971153846153846 0.1778846153846154
2 0.5817307692307693 0.49158653846153844 0.025240384615384616 0.026442307692307692
2 0.3401442307692308 0.5552884615384616 0.10336538461538461 0.1814903846153846
2 0.2824519230769231 0.5504807692307693 0.11057692307692307 0.3161057692307692
1 0.27403846153846156 0.4675480769230769 0.030048076923076924 0.03245192307692308
1 0.3293269230769231 0.4987980769230769 0.025240384615384616 0.03245192307692308
2 0.39903846153846156 0.5096153846153846 0.09375 0.33413461538461536
3 0.47115384615384615 0.4831730769230769 0.09254807692307693 0.375
1 0.39903846153846156 0.41586538461538464 0.020432692307692308 0.03485576923076923