2 0.9507211538461539 0.30288461538461536 0.04567307692307692 0.0985576923076923
2 0.7379807692307693 0.4495192307692308 0.052884615384615384 0.109375
2 0.6430288461538461 0.5072115384615384 0.042067307692307696 0.10817307692307693
2 0.6213942307692307 0.5504807692307693 0.03125 0.10576923076923077
2 0.4879807692307692 0.6322115384615384 0.04326923076923077 0.11899038461538461
1 0.48677884615384615 0.6057692307692307 0.014423076923076924 0.016826923076923076
2 0.45552884615384615 0.6514423076923077 0.036057692307692304 0.11298076923076923
1 0.46033653846153844 0.6262019230769231 0.007211538461538462 0.01201923076923077
2 0.453125 0.7355769230769231 0.05048076923076923 0.12379807692307693
1 0.45072115384615385 0.6995192307692307 0.010817307692307692 0.01201923076923077
3 0.4411057692307692 0.6141826923076923 0.03245192307692308 0.09735576923076923
2 0.4375 0.5985576923076923 0.03125 0.056490384615384616
2 0.4014423076923077 0.6081730769230769 0.037259615384615384 0.09975961538461539
1 0.39783653846153844 0.5817307692307693 0.010817307692307692 0.020432692307692308
2 0.36778846153846156 0.6153846153846154 0.04567307692307692 0.05048076923076923
2 0.3545673076923077 0.5901442307692307 0.07451923076923077 0.06370192307692307
3 0.6081730769230769 0.2439903846153846 0.026442307692307692 0.08774038461538461
2 0.39903846153846156 0.30408653846153844 0.03485576923076923 0.09254807692307693
2 0.49158653846153844 0.3545673076923077 0.036057692307692304 0.09375
2 0.4338942307692308 0.4375 0.026442307692307692 0.109375
2 0.4014423076923077 0.47836538461538464 0.027644230769230768 0.11057692307692307
2 0.39783653846153844 0.5060096153846154 0.036057692307692304 0.09975961538461539
2 0.3737980769230769 0.5360576923076923 0.040865384615384616 0.10336538461538461
2 0.33774038461538464 0.5673076923076923 0.026442307692307692 0.10576923076923077
2 0.31971153846153844 0.5673076923076923 0.03125 0.11298076923076923
2 0.3112980769230769 0.6237980769230769 0.04326923076923077 0.12139423076923077
1 0.30288461538461536 0.5961538461538461 0.01201923076923077 0.014423076923076924
2 0.26322115384615385 0.6586538461538461 0.038461538461538464 0.12379807692307693
2 0.10336538461538461 0.7536057692307693 0.036057692307692304 0.13701923076923078
2 0.026442307692307692 0.8882211538461539 0.040865384615384616 0.13221153846153846
1 0.10336538461538461 0.7283653846153846 0.010817307692307692 0.020432692307692308
1 0.019230769230769232 0.8629807692307693 0.01201923076923077 0.020432692307692308