2 0.8966346153846154 0.2127403846153846 0.026442307692307692 0.0829326923076923
2 0.7379807692307693 0.3425480769230769 0.03485576923076923 0.0889423076923077
2 0.6911057692307693 0.38221153846153844 0.026442307692307692 0.09375
2 0.5769230769230769 0.45552884615384615 0.026442307692307692 0.0889423076923077
2 0.5504807692307693 0.42788461538461536 0.036057692307692304 0.0889423076923077
2 0.5072115384615384 0.4567307692307692 0.03245192307692308 0.0829326923076923
2 0.4411057692307692 0.5252403846153846 0.021634615384615384 0.09975961538461539
2 0.45913461538461536 0.5709134615384616 0.027644230769230768 0.11057692307692307
1 0.46033653846153844 0.5492788461538461 0.010817307692307692 0.016826923076923076
1 0.4411057692307692 0.5 0.006009615384615385 0.015625
2 0.3918269230769231 0.5240384615384616 0.027644230769230768 0.09254807692307693
1 0.390625 0.4987980769230769 0.009615384615384616 0.014423076923076924
2 0.4014423076923077 0.4891826923076923 0.021634615384615384 0.05889423076923077
2 0.3629807692307692 0.5024038461538461 0.03125 0.057692307692307696
2 0.3798076923076923 0.4951923076923077 0.027644230769230768 0.056490384615384616
0 0.44471153846153844 0.45072115384615385 0.015625 0.02403846153846154
3 0.46634615384615385 0.49399038461538464 0.026442307692307692 0.08413461538461539
3 0.5901442307692307 0.16346153846153846 0.019230769230769232 0.057692307692307696
2 0.4026442307692308 0.21153846153846154 0.025240384615384616 0.0733173076923077
2 0.4795673076923077 0.2692307692307692 0.025240384615384616 0.08173076923076923
2 0.4519230769230769 0.3137019230769231 0.02403846153846154 0.08413461538461539
2 0.42908653846153844 0.359375 0.026442307692307692 0.08774038461538461
2 0.4026442307692308 0.39663461538461536 0.027644230769230768 0.07451923076923077
2 0.3894230769230769 0.43028846153846156 0.030048076923076924 0.06370192307692307
2 0.36538461538461536 0.44711538461538464 0.021634615384615384 0.06129807692307692
2 0.33533653846153844 0.4879807692307692 0.026442307692307692 0.09375
2 0.3112980769230769 0.4963942307692308 0.020432692307692308 0.09375
2 0.2980769230769231 0.5216346153846154 0.021634615384615384 0.09735576923076923
2 0.2439903846153846 0.5745192307692307 0.03245192307692308 0.109375
1 0.24278846153846154 0.5528846153846154 0.01201923076923077 0.015625
2 0.15985576923076922 0.6682692307692307 0.03125 0.1045673076923077
2 0.008413461538461538 0.6550480769230769 0.014423076923076924 0.09375
2 0.40024038461538464 0.8653846153846154 0.05048076923076923 0.14543269230769232
1 0.39903846153846156 0.8401442307692307 0.010817307692307692 0.020432692307692308
3 0.06610576923076923 0.8774038461538461 0.04807692307692308 0.13581730769230768