2 0.6983173076923077 0.15865384615384615 0.10576923076923077 0.3112980769230769
2 0.8052884615384616 0.1814903846153846 0.0673076923076923 0.359375
2 0.8545673076923077 0.2091346153846154 0.08173076923076923 0.36538461538461536
2 0.7427884615384616 0.25721153846153844 0.09975961538461539 0.3701923076923077
1 0.7427884615384616 0.1814903846153846 0.026442307692307692 0.040865384615384616
3 0.7716346153846154 0.48677884615384615 0.11899038461538461 0.43028846153846156
2 0.6574519230769231 0.4639423076923077 0.10576923076923077 0.38100961538461536
1 0.6598557692307693 0.37259615384615385 0.030048076923076924 0.042067307692307696
2 0.6826923076923077 0.5829326923076923 0.11899038461538461 0.3786057692307692
1 0.6622596153846154 0.47115384615384615 0.026442307692307692 0.042067307692307696
2 0.49038461538461536 0.43149038461538464 0.08413461538461539 0.3425480769230769
2 0.5144230769230769 0.5360576923076923 0.09254807692307693 0.36899038461538464
2 0.3137019230769231 0.453125 0.11057692307692307 0.3942307692307692
1 0.30528846153846156 0.359375 0.03125 0.046875
2 0.15985576923076922 0.36538461538461536 0.09735576923076923 0.3918269230769231
0 0.17067307692307693 0.2920673076923077 0.03485576923076923 0.05889423076923077
2 0.08173076923076923 0.4411057692307692 0.1045673076923077 0.4098557692307692
2 0.27403846153846156 0.6382211538461539 0.11778846153846154 0.33653846153846156
1 0.2704326923076923 0.5649038461538461 0.027644230769230768 0.04567307692307692
2 0.19230769230769232 0.6959134615384616 0.12860576923076922 0.36778846153846156
1 0.15144230769230768 0.6262019230769231 0.019230769230769232 0.04807692307692308