3 0.8100961538461539 0.3088942307692308 0.14543269230769232 0.3425480769230769
2 0.6682692307692307 0.4879807692307692 0.22235576923076922 0.14423076923076922
2 0.5432692307692307 0.5144230769230769 0.20432692307692307 0.14182692307692307
0 0.4651442307692308 0.5504807692307693 0.036057692307692304 0.055288461538461536
2 0.41346153846153844 0.5060096153846154 0.14423076923076922 0.4098557692307692
1 0.42788461538461536 0.4411057692307692 0.04567307692307692 0.04326923076923077
2 0.18990384615384615 0.5144230769230769 0.14543269230769232 0.32211538461538464
1 0.20192307692307693 0.45913461538461536 0.03125 0.05889423076923077
2 0.2608173076923077 0.7115384615384616 0.1466346153846154 0.4170673076923077
1 0.24879807692307693 0.6466346153846154 0.037259615384615384 0.057692307692307696
2 0.21033653846153846 0.8245192307692307 0.13221153846153846 0.35096153846153844
1 0.21875 0.7848557692307693 0.040865384615384616 0.06610576923076923
2 0.3918269230769231 0.8978365384615384 0.12980769230769232 0.20432692307692307
1 0.39903846153846156 0.9146634615384616 0.037259615384615384 0.055288461538461536
2 0.6706730769230769 0.8533653846153846 0.13942307692307693 0.2932692307692308
1 0.6802884615384616 0.8461538461538461 0.037259615384615384 0.06129807692307692