2 0.96875 0.17548076923076922 0.0625 0.3173076923076923
2 0.8449519230769231 0.1466346153846154 0.09375 0.29086538461538464
3 0.4675480769230769 0.3581730769230769 0.07451923076923077 0.17067307692307693
2 0.5697115384615384 0.5360576923076923 0.09495192307692307 0.2620192307692308
2 0.4543269230769231 0.5036057692307693 0.1201923076923077 0.13581730769230768
2 0.5348557692307693 0.5877403846153846 0.1466346153846154 0.23798076923076922
1 0.5805288461538461 0.44591346153846156 0.020432692307692308 0.030048076923076924
1 0.5144230769230769 0.49278846153846156 0.019230769230769232 0.015625
1 0.4338942307692308 0.45552884615384615 0.019230769230769232 0.014423076923076924
2 0.42788461538461536 0.5841346153846154 0.10096153846153846 0.12620192307692307
2 0.47596153846153844 0.6706730769230769 0.19230769230769232 0.09735576923076923
1 0.4495192307692308 0.7043269230769231 0.014423076923076924 0.016826923076923076
2 0.10817307692307693 0.1622596153846154 0.12139423076923077 0.31971153846153844
2 0.16826923076923078 0.3605769230769231 0.109375 0.296875
2 0.3293269230769231 0.41586538461538464 0.08774038461538461 0.3581730769230769
1 0.33413461538461536 0.3449519230769231 0.027644230769230768 0.05048076923076923
2 0.2956730769230769 0.49278846153846156 0.11899038461538461 0.33774038461538464
1 0.2824519230769231 0.3786057692307692 0.030048076923076924 0.038461538461538464
2 0.375 0.6117788461538461 0.08413461538461539 0.3581730769230769
1 0.35096153846153844 0.5252403846153846 0.020432692307692308 0.051682692307692304
2 0.4266826923076923 0.7740384615384616 0.11298076923076923 0.35336538461538464
1 0.40625 0.6622596153846154 0.03485576923076923 0.042067307692307696
2 0.5108173076923077 0.9050480769230769 0.125 0.1875
1 0.49278846153846156 0.9435096153846154 0.03125 0.05889423076923077
2 0.02403846153846154 0.09254807692307693 0.04326923076923077 0.1814903846153846