2 0.7439903846153846 0.11057692307692307 0.109375 0.21875
2 0.7115384615384616 0.19591346153846154 0.07932692307692307 0.3329326923076923
2 0.8028846153846154 0.25600961538461536 0.08653846153846154 0.32211538461538464
3 0.8076923076923077 0.44350961538461536 0.07451923076923077 0.33653846153846156
2 0.5216346153846154 0.4387019230769231 0.10096153846153846 0.3088942307692308
1 0.5204326923076923 0.3762019230769231 0.019230769230769232 0.040865384615384616
2 0.13942307692307693 0.14302884615384615 0.09495192307692307 0.2824519230769231
2 0.21514423076923078 0.2247596153846154 0.1141826923076923 0.3473557692307692
2 0.11057692307692307 0.43028846153846156 0.12620192307692307 0.3473557692307692
1 0.09495192307692307 0.35096153846153844 0.026442307692307692 0.04326923076923077
2 0.21995192307692307 0.44350961538461536 0.1141826923076923 0.33413461538461536
1 0.23197115384615385 0.38221153846153844 0.03245192307692308 0.05048076923076923
2 0.27524038461538464 0.43028846153846156 0.12379807692307693 0.3701923076923077
1 0.2800480769230769 0.36177884615384615 0.030048076923076924 0.057692307692307696
2 0.359375 0.5324519230769231 0.12860576923076922 0.3317307692307692
1 0.33533653846153844 0.4651442307692308 0.02403846153846154 0.036057692307692304
2 0.26322115384615385 0.5564903846153846 0.13942307692307693 0.27163461538461536
0 0.2283653846153846 0.5192307692307693 0.020432692307692308 0.03245192307692308
2 0.27524038461538464 0.6995192307692307 0.20432692307692307 0.12860576923076922
2 0.31850961538461536 0.6382211538461539 0.0985576923076923 0.3449519230769231
1 0.33052884615384615 0.5649038461538461 0.020432692307692308 0.04567307692307692
2 0.39903846153846156 0.7223557692307693 0.11057692307692307 0.3870192307692308
1 0.38461538461538464 0.6418269230769231 0.026442307692307692 0.046875
2 0.5925480769230769 0.6346153846153846 0.17668269230769232 0.18629807692307693
1 0.5576923076923077 0.5925480769230769 0.03485576923076923 0.042067307692307696
2 0.6634615384615384 0.5264423076923077 0.11538461538461539 0.3473557692307692
1 0.6526442307692307 0.43509615384615385 0.021634615384615384 0.051682692307692304
1 0.2644230769230769 0.4879807692307692 0.020432692307692308 0.03485576923076923