2 0.5817307692307693 0.6310096153846154 0.026442307692307692 0.06610576923076923
3 0.6021634615384616 0.6009615384615384 0.020432692307692308 0.04807692307692308
2 0.42427884615384615 0.6911057692307693 0.020432692307692308 0.06370192307692307
2 0.578125 0.71875 0.025240384615384616 0.07211538461538461
2 0.5456730769230769 0.75 0.025240384615384616 0.07211538461538461
2 0.5324519230769231 0.7620192307692307 0.026442307692307692 0.07211538461538461
2 0.4951923076923077 0.7860576923076923 0.025240384615384616 0.07451923076923077
2 0.47115384615384615 0.7932692307692307 0.02403846153846154 0.078125
2 0.4675480769230769 0.8269230769230769 0.03245192307692308 0.08653846153846154
2 0.40024038461538464 0.8269230769230769 0.026442307692307692 0.08173076923076923
2 0.4326923076923077 0.8533653846153846 0.027644230769230768 0.0829326923076923
2 0.5348557692307693 0.8581730769230769 0.030048076923076924 0.08173076923076923
2 0.4050480769230769 0.9206730769230769 0.020432692307692308 0.0829326923076923
2 0.33774038461538464 0.9387019230769231 0.03245192307692308 0.078125
2 0.34134615384615385 0.9663461538461539 0.02403846153846154 0.0673076923076923
2 0.6274038461538461 0.8810096153846154 0.02403846153846154 0.08653846153846154
2 0.9927884615384616 0.7752403846153846 0.014423076923076924 0.0829326923076923
2 0.8918269230769231 0.8473557692307693 0.025240384615384616 0.07932692307692307
1 0.8894230769230769 0.8305288461538461 0.006009615384615385 0.010817307692307692
2 0.8689903846153846 0.8473557692307693 0.027644230769230768 0.08774038461538461
2 0.8665865384615384 0.9002403846153846 0.026442307692307692 0.09014423076923077
2 0.7944711538461539 0.8677884615384616 0.026442307692307692 0.078125
2 0.7728365384615384 0.8882211538461539 0.026442307692307692 0.0889423076923077
2 0.7548076923076923 0.9014423076923077 0.021634615384615384 0.07451923076923077
2 0.7415865384615384 0.8810096153846154 0.016826923076923076 0.0889423076923077
3 0.6766826923076923 0.8425480769230769 0.025240384615384616 0.078125
2 0.6754807692307693 0.8786057692307693 0.030048076923076924 0.07692307692307693
2 0.6778846153846154 0.8966346153846154 0.03245192307692308 0.06610576923076923
0 0.6598557692307693 0.9194711538461539 0.014423076923076924 0.010817307692307692
1 0.6742788461538461 0.8725961538461539 0.010817307692307692 0.007211538461538462
2 0.7283653846153846 0.9254807692307693 0.019230769230769232 0.09375
1 0.7247596153846154 0.9050480769230769 0.004807692307692308 0.014423076923076924
2 0.7163461538461539 0.9362980769230769 0.030048076923076924 0.08653846153846154