2 0.7512019230769231 0.4411057692307692 0.03125 0.09014423076923077
0 0.828125 0.44711538461538464 0.015625 0.020432692307692308
2 0.5528846153846154 0.4411057692307692 0.030048076923076924 0.08173076923076923
2 0.7644230769230769 0.5685096153846154 0.036057692307692304 0.09495192307692307
3 0.4050480769230769 0.28846153846153844 0.027644230769230768 0.052884615384615384
2 0.31971153846153844 0.42788461538461536 0.03485576923076923 0.07932692307692307
2 0.35096153846153844 0.4723557692307692 0.046875 0.0985576923076923
2 0.33413461538461536 0.8762019230769231 0.051682692307692304 0.11899038461538461
2 0.05048076923076923 0.3918269230769231 0.036057692307692304 0.09254807692307693
2 0.09495192307692307 0.47836538461538464 0.025240384615384616 0.08413461538461539
3 0.16826923076923078 0.5757211538461539 0.042067307692307696 0.09254807692307693
2 0.07692307692307693 0.4987980769230769 0.019230769230769232 0.06610576923076923
2 0.08653846153846154 0.5408653846153846 0.03245192307692308 0.07932692307692307
2 0.04326923076923077 0.5096153846153846 0.025240384615384616 0.07451923076923077
2 0.06129807692307692 0.5540865384615384 0.027644230769230768 0.09254807692307693
2 0.02403846153846154 0.5817307692307693 0.014423076923076924 0.07932692307692307
2 0.11538461538461539 0.5697115384615384 0.02403846153846154 0.05048076923076923
2 0.11057692307692307 0.6370192307692307 0.030048076923076924 0.09735576923076923
2 0.08173076923076923 0.6394230769230769 0.030048076923076924 0.09014423076923077
2 0.20432692307692307 0.6394230769230769 0.03125 0.10817307692307693
2 0.22596153846153846 0.6778846153846154 0.03485576923076923 0.109375
2 0.13581730769230768 0.8557692307692307 0.046875 0.11538461538461539