2 0.6177884615384616 0.36899038461538464 0.055288461538461536 0.1346153846153846
2 0.23076923076923078 0.609375 0.046875 0.1658653846153846
2 0.27524038461538464 0.6189903846153846 0.040865384615384616 0.15264423076923078
1 0.23076923076923078 0.5793269230769231 0.01201923076923077 0.026442307692307692
1 0.27283653846153844 0.5949519230769231 0.010817307692307692 0.025240384615384616
2 0.1466346153846154 0.6177884615384616 0.042067307692307696 0.17307692307692307
1 0.14182692307692307 0.5793269230769231 0.01201923076923077 0.020432692307692308
3 0.2283653846153846 0.47115384615384615 0.04567307692307692 0.19230769230769232
2 0.5120192307692307 0.5721153846153846 0.04807692307692308 0.18629807692307693
2 0.5528846153846154 0.5480769230769231 0.055288461538461536 0.15144230769230768
1 0.5588942307692307 0.5132211538461539 0.009615384615384616 0.016826923076923076
2 0.5673076923076923 0.5721153846153846 0.040865384615384616 0.1658653846153846
1 0.5649038461538461 0.5432692307692307 0.010817307692307692 0.027644230769230768
1 0.5576923076923077 0.6682692307692307 0.05048076923076923 0.16346153846153846
2 0.7247596153846154 0.5841346153846154 0.052884615384615384 0.1875
1 0.7235576923076923 0.5444711538461539 0.01201923076923077 0.026442307692307692
2 0.8173076923076923 0.5841346153846154 0.056490384615384616 0.18269230769230768
1 0.8245192307692307 0.5528846153846154 0.015625 0.026442307692307692
2 0.8713942307692307 0.5552884615384616 0.040865384615384616 0.18389423076923078
2 0.9206730769230769 0.5949519230769231 0.051682692307692304 0.18028846153846154
1 0.9194711538461539 0.5612980769230769 0.010817307692307692 0.026442307692307692
2 0.9194711538461539 0.9182692307692307 0.06370192307692307 0.16346153846153846
1 0.9182692307692307 0.8990384615384616 0.01201923076923077 0.025240384615384616
2 0.8137019230769231 0.7920673076923077 0.06370192307692307 0.19951923076923078
1 0.8076923076923077 0.7451923076923077 0.015625 0.025240384615384616
2 0.7668269230769231 0.7728365384615384 0.05048076923076923 0.20192307692307693
1 0.7764423076923077 0.7223557692307693 0.009615384615384616 0.025240384615384616
2 0.6658653846153846 0.8112980769230769 0.052884615384615384 0.19471153846153846
1 0.6634615384615384 0.7692307692307693 0.01201923076923077 0.021634615384615384
2 0.6141826923076923 0.8233173076923077 0.05048076923076923 0.203125
1 0.6213942307692307 0.7692307692307693 0.009615384615384616 0.021634615384615384
2 0.30649038461538464 0.7908653846153846 0.05889423076923077 0.203125
1 0.3016826923076923 0.7379807692307693 0.009615384615384616 0.021634615384615384
2 0.4411057692307692 0.7776442307692307 0.06610576923076923 0.203125
1 0.43028846153846156 0.7283653846153846 0.016826923076923076 0.030048076923076924
2 0.4519230769230769 0.8485576923076923 0.051682692307692304 0.18389423076923078
1 0.44350961538461536 0.8112980769230769 0.010817307692307692 0.020432692307692308
2 0.5192307692307693 0.8004807692307693 0.046875 0.18629807692307693
2 0.5216346153846154 0.8269230769230769 0.040865384615384616 0.1935096153846154
1 0.5216346153846154 0.7776442307692307 0.01201923076923077 0.025240384615384616
2 0.5600961538461539 0.8581730769230769 0.06370192307692307 0.19831730769230768
0 0.15504807692307693 0.47716346153846156 0.015625 0.02403846153846154