2 0.6514423076923077 0.24278846153846154 0.03125 0.05048076923076923
2 0.7560096153846154 0.3485576923076923 0.036057692307692304 0.06610576923076923
2 0.7115384615384616 0.42427884615384615 0.040865384615384616 0.07692307692307693
2 0.7980769230769231 0.40625 0.026442307692307692 0.05889423076923077
2 0.7824519230769231 0.43028846153846156 0.025240384615384616 0.05889423076923077
2 0.7752403846153846 0.46274038461538464 0.02403846153846154 0.052884615384615384
2 0.7644230769230769 0.48197115384615385 0.026442307692307692 0.04807692307692308
2 0.7716346153846154 0.5216346153846154 0.03485576923076923 0.056490384615384616
2 0.8197115384615384 0.5192307692307693 0.025240384615384616 0.06850961538461539
2 0.7884615384615384 0.5600961538461539 0.02403846153846154 0.06129807692307692
2 0.7692307692307693 0.5817307692307693 0.020432692307692308 0.0625
2 0.7824519230769231 0.5997596153846154 0.026442307692307692 0.07211538461538461
2 0.8798076923076923 0.6057692307692307 0.027644230769230768 0.06971153846153846
2 0.9278846153846154 0.6370192307692307 0.02403846153846154 0.07451923076923077
2 0.8834134615384616 0.6634615384615384 0.030048076923076924 0.08413461538461539
3 0.7019230769230769 0.5252403846153846 0.026442307692307692 0.06610576923076923
2 0.5240384615384616 0.3245192307692308 0.027644230769230768 0.06971153846153846
2 0.5288461538461539 0.3557692307692308 0.02403846153846154 0.06610576923076923
2 0.4519230769230769 0.3713942307692308 0.027644230769230768 0.078125
2 0.4074519230769231 0.42427884615384615 0.025240384615384616 0.06971153846153846
2 0.45913461538461536 0.4375 0.030048076923076924 0.0625
2 0.484375 0.4495192307692308 0.025240384615384616 0.0733173076923077
2 0.49278846153846156 0.5036057692307693 0.025240384615384616 0.07211538461538461
2 0.39663461538461536 0.5552884615384616 0.030048076923076924 0.07211538461538461
2 0.46153846153846156 0.7403846153846154 0.027644230769230768 0.06971153846153846
2 0.4050480769230769 0.7908653846153846 0.03125 0.07692307692307693
2 0.48197115384615385 0.9411057692307693 0.036057692307692304 0.08413461538461539