2 0.14903846153846154 0.4567307692307692 0.0889423076923077 0.35336538461538464
2 0.6322115384615384 0.30288461538461536 0.14423076923076922 0.3293269230769231
3 0.5625 0.109375 0.09735576923076923 0.21514423076923078
2 0.3125 0.5180288461538461 0.10336538461538461 0.3545673076923077
2 0.4098557692307692 0.5721153846153846 0.1346153846153846 0.31971153846153844
3 0.45552884615384615 0.8197115384615384 0.09254807692307693 0.30649038461538464
2 0.41225961538461536 0.9194711538461539 0.10336538461538461 0.16105769230769232
2 0.703125 0.8353365384615384 0.12860576923076922 0.3269230769230769
2 0.7043269230769231 0.7475961538461539 0.11298076923076923 0.3737980769230769
2 0.8329326923076923 0.5204326923076923 0.11899038461538461 0.3317307692307692
2 0.9651442307692307 0.5240384615384616 0.06971153846153846 0.2824519230769231
2 0.6947115384615384 0.46634615384615385 0.06850961538461539 0.21153846153846154
2 0.7487980769230769 0.5901442307692307 0.11899038461538461 0.23918269230769232
2 0.6911057692307693 0.5829326923076923 0.07211538461538461 0.296875
2 0.6177884615384616 0.6286057692307693 0.13221153846153846 0.13942307692307693
2 0.6346153846153846 0.5576923076923077 0.12139423076923077 0.1622596153846154
2 0.5492788461538461 0.4795673076923077 0.11057692307692307 0.3088942307692308
2 0.8269230769230769 0.9026442307692307 0.13942307692307693 0.19471153846153846
1 0.703125 0.6622596153846154 0.025240384615384616 0.038461538461538464
1 0.6911057692307693 0.5252403846153846 0.03125 0.046875
1 0.8365384615384616 0.9314903846153846 0.026442307692307692 0.04567307692307692
1 0.7223557692307693 0.4987980769230769 0.019230769230769232 0.026442307692307692