2 0.8293269230769231 0.19831730769230768 0.1310096153846154 0.35336538461538464
2 0.9362980769230769 0.31850961538461536 0.1201923076923077 0.2932692307692308
3 0.9723557692307693 0.39903846153846156 0.055288461538461536 0.3425480769230769
2 0.49158653846153844 0.25 0.1201923076923077 0.390625
2 0.5024038461538461 0.3798076923076923 0.09495192307692307 0.3473557692307692
2 0.3557692307692308 0.3737980769230769 0.10817307692307693 0.31850961538461536
2 0.24879807692307693 0.4254807692307692 0.11899038461538461 0.3701923076923077
2 0.3293269230769231 0.5721153846153846 0.15144230769230768 0.21754807692307693
1 0.34975961538461536 0.4879807692307692 0.036057692307692304 0.026442307692307692
2 0.4735576923076923 0.6057692307692307 0.1310096153846154 0.20192307692307693
1 0.46153846153846156 0.5168269230769231 0.03245192307692308 0.020432692307692308
2 0.3918269230769231 0.6418269230769231 0.13221153846153846 0.171875
2 0.41225961538461536 0.6514423076923077 0.17307692307692307 0.12139423076923077
2 0.29086538461538464 0.5552884615384616 0.14423076923076922 0.2668269230769231
2 0.6370192307692307 0.5697115384615384 0.07211538461538461 0.3245192307692308
1 0.6490384615384616 0.49399038461538464 0.021634615384615384 0.037259615384615384
2 0.7824519230769231 0.8028846153846154 0.1045673076923077 0.390625
1 0.8040865384615384 0.7295673076923077 0.026442307692307692 0.052884615384615384
2 0.859375 0.8978365384615384 0.10336538461538461 0.20432692307692307
1 0.8762019230769231 0.9134615384615384 0.021634615384615384 0.04326923076923077