2 0.35096153846153844 0.0733173076923077 0.08413461538461539 0.14423076923076922
2 0.5096153846153846 0.3954326923076923 0.13701923076923078 0.3557692307692308
2 0.36538461538461536 0.18870192307692307 0.0829326923076923 0.3641826923076923
2 0.30649038461538464 0.3088942307692308 0.12860576923076922 0.32211538461538464
2 0.4206730769230769 0.5721153846153846 0.1466346153846154 0.2800480769230769
2 0.3449519230769231 0.5793269230769231 0.11778846153846154 0.3112980769230769
2 0.296875 0.5877403846153846 0.15625 0.30288461538461536
2 0.203125 0.6442307692307693 0.13701923076923078 0.2536057692307692
1 0.2824519230769231 0.49038461538461536 0.027644230769230768 0.037259615384615384
2 0.28365384615384615 0.6658653846153846 0.07932692307692307 0.10817307692307693
2 0.5396634615384616 0.6105769230769231 0.15745192307692307 0.3389423076923077
1 0.5456730769230769 0.5384615384615384 0.020432692307692308 0.038461538461538464
2 0.7764423076923077 0.84375 0.125 0.3125
1 0.7740384615384616 0.8197115384615384 0.03485576923076923 0.046875
2 0.4495192307692308 0.8473557692307693 0.10336538461538461 0.30528846153846156
1 0.43990384615384615 0.7896634615384616 0.030048076923076924 0.04567307692307692
2 0.24519230769230768 0.9134615384615384 0.10576923076923077 0.17307692307692307
2 0.054086538461538464 0.7475961538461539 0.1045673076923077 0.4423076923076923
2 0.04567307692307692 0.6466346153846154 0.021634615384615384 0.051682692307692304
2 0.06129807692307692 0.9423076923076923 0.09254807692307693 0.11538461538461539
1 0.037259615384615384 0.9651442307692307 0.026442307692307692 0.037259615384615384