2 0.9615384615384616 0.38100961538461536 0.07692307692307693 0.3858173076923077
2 0.90625 0.3713942307692308 0.09014423076923077 0.4026442307692308
2 0.8377403846153846 0.4098557692307692 0.078125 0.3293269230769231
2 0.7704326923076923 0.3798076923076923 0.09375 0.328125
2 0.6730769230769231 0.43509615384615385 0.11899038461538461 0.4014423076923077
1 0.6574519230769231 0.35697115384615385 0.016826923076923076 0.051682692307692304
2 0.8028846153846154 0.5576923076923077 0.109375 0.42788461538461536
1 0.8112980769230769 0.4651442307692308 0.030048076923076924 0.046875
2 0.9254807692307693 0.5384615384615384 0.04567307692307692 0.35096153846153844
2 0.9411057692307693 0.5661057692307693 0.09975961538461539 0.4098557692307692
1 0.9375 0.47475961538461536 0.03125 0.05889423076923077
2 0.28725961538461536 0.5420673076923077 0.07692307692307693 0.3557692307692308
2 0.2776442307692308 0.6033653846153846 0.09014423076923077 0.4026442307692308
2 0.18629807692307693 0.6177884615384616 0.109375 0.421875
1 0.18028846153846154 0.5516826923076923 0.015625 0.05889423076923077
2 0.22235576923076922 0.7079326923076923 0.14543269230769232 0.44350961538461536
1 0.21514423076923078 0.6213942307692307 0.040865384615384616 0.057692307692307696
2 0.24639423076923078 0.9098557692307693 0.12620192307692307 0.17307692307692307
1 0.24759615384615385 0.9591346153846154 0.030048076923076924 0.057692307692307696
0 0.9266826923076923 0.3088942307692308 0.037259615384615384 0.04807692307692308
3 0.0985576923076923 0.6394230769230769 0.12860576923076922 0.40024038461538464