2 0.5817307692307693 0.33774038461538464 0.057692307692307696 0.2932692307692308
3 0.6634615384615384 0.37740384615384615 0.07451923076923077 0.2980769230769231
3 0.5192307692307693 0.3401442307692308 0.07211538461538461 0.265625
2 0.5600961538461539 0.4963942307692308 0.042067307692307696 0.2692307692307692
2 0.5444711538461539 0.5480769230769231 0.042067307692307696 0.296875
2 0.5300480769230769 0.5961538461538461 0.055288461538461536 0.2956730769230769
1 0.5637019230769231 0.4387019230769231 0.007211538461538462 0.03125
1 0.5552884615384616 0.47475961538461536 0.01201923076923077 0.025240384615384616
2 0.5048076923076923 0.6550480769230769 0.06850961538461539 0.3016826923076923
1 0.5036057692307693 0.5865384615384616 0.014423076923076924 0.030048076923076924
2 0.4651442307692308 0.71875 0.07932692307692307 0.2848557692307692
1 0.4639423076923077 0.6346153846153846 0.019230769230769232 0.030048076923076924
2 0.4050480769230769 0.43149038461538464 0.04567307692307692 0.19110576923076922
2 0.38221153846153844 0.5492788461538461 0.05889423076923077 0.2644230769230769
2 0.3629807692307692 0.625 0.04807692307692308 0.3125
1 0.3629807692307692 0.5528846153846154 0.015625 0.026442307692307692
2 0.35216346153846156 0.6706730769230769 0.07692307692307693 0.2692307692307692
1 0.3425480769230769 0.5973557692307693 0.020432692307692308 0.036057692307692304
2 0.2764423076923077 0.5456730769230769 0.06850961538461539 0.2848557692307692
2 0.9158653846153846 0.5673076923076923 0.078125 0.27163461538461536
0 0.5745192307692307 0.20793269230769232 0.019230769230769232 0.037259615384615384