0 0.7127403846153846 0.6153846153846154 0.027644230769230768 0.06129807692307692
3 0.8653846153846154 0.21514423076923078 0.109375 0.2776442307692308
2 0.5528846153846154 0.5588942307692307 0.078125 0.22235576923076922
2 0.5228365384615384 0.5865384615384616 0.11778846153846154 0.2439903846153846
2 0.5084134615384616 0.671875 0.10817307692307693 0.203125
1 0.5324519230769231 0.6418269230769231 0.036057692307692304 0.057692307692307696
2 0.35336538461538464 0.546875 0.12379807692307693 0.2848557692307692
2 0.3894230769230769 0.5685096153846154 0.1141826923076923 0.31971153846153844
1 0.3737980769230769 0.49038461538461536 0.025240384615384616 0.040865384615384616
2 0.4254807692307692 0.5877403846153846 0.07211538461538461 0.3088942307692308
2 0.3894230769230769 0.6382211538461539 0.08653846153846154 0.3112980769230769
1 0.3918269230769231 0.5733173076923077 0.03485576923076923 0.05048076923076923
2 0.46153846153846156 0.8569711538461539 0.09975961538461539 0.2800480769230769
1 0.4651442307692308 0.8365384615384616 0.027644230769230768 0.04567307692307692
3 0.9399038461538461 0.9122596153846154 0.1201923076923077 0.17548076923076922