2 0.6490384615384616 0.38822115384615385 0.1875 0.6394230769230769
2 0.8233173076923077 0.7932692307692307 0.203125 0.41225961538461536
2 0.47115384615384615 0.2091346153846154 0.12620192307692307 0.38100961538461536
2 0.4483173076923077 0.24639423076923078 0.1622596153846154 0.24519230769230768
2 0.4987980769230769 0.47836538461538464 0.11899038461538461 0.5637019230769231
2 0.27163461538461536 0.13942307692307693 0.07211538461538461 0.20432692307692307
2 0.2776442307692308 0.4411057692307692 0.11538461538461539 0.6682692307692307
2 0.19591346153846154 0.41586538461538464 0.13221153846153846 0.5685096153846154
2 0.22235576923076922 0.6033653846153846 0.18629807692307693 0.6262019230769231
3 0.41586538461538464 0.5252403846153846 0.1466346153846154 0.5901442307692307
2 0.4495192307692308 0.7163461538461539 0.18269230769230768 0.5673076923076923
1 0.4387019230769231 0.6009615384615384 0.04567307692307692 0.06850961538461539