2 0.45552884615384615 0.09975961538461539 0.0733173076923077 0.19471153846153846
3 0.5252403846153846 0.25961538461538464 0.10096153846153846 0.29086538461538464
2 0.5865384615384616 0.4807692307692308 0.17668269230769232 0.19471153846153846
1 0.5552884615384616 0.39903846153846156 0.03125 0.020432692307692308
2 0.5228365384615384 0.5264423076923077 0.11778846153846154 0.27163461538461536
1 0.5480769230769231 0.42788461538461536 0.021634615384615384 0.027644230769230768
2 0.45552884615384615 0.5685096153846154 0.16706730769230768 0.24639423076923078
2 0.3942307692307692 0.5661057692307693 0.1875 0.203125
2 0.4483173076923077 0.625 0.1814903846153846 0.09375
0 0.48677884615384615 0.6310096153846154 0.03245192307692308 0.036057692307692304
2 0.8341346153846154 0.7776442307692307 0.11899038461538461 0.44350961538461536
1 0.8497596153846154 0.6730769230769231 0.01201923076923077 0.038461538461538464
2 0.31009615384615385 0.2692307692307692 0.0829326923076923 0.359375
2 0.3641826923076923 0.3641826923076923 0.07451923076923077 0.30649038461538464
2 0.2512019230769231 0.5673076923076923 0.11899038461538461 0.28125
2 0.27163461538461536 0.7079326923076923 0.0985576923076923 0.34975961538461536
2 0.19471153846153846 0.8269230769230769 0.11778846153846154 0.3389423076923077
1 0.17427884615384615 0.7752403846153846 0.02403846153846154 0.056490384615384616