2 0.734375 0.12980769230769232 0.08413461538461539 0.25
2 0.6802884615384616 0.09735576923076923 0.08653846153846154 0.19110576923076922
2 0.8677884615384616 0.6274038461538461 0.1141826923076923 0.3581730769230769
2 0.4987980769230769 0.38461538461538464 0.09375 0.2932692307692308
3 0.3545673076923077 0.3449519230769231 0.08774038461538461 0.3076923076923077
2 0.4519230769230769 0.6045673076923077 0.13221153846153846 0.3161057692307692
2 0.4074519230769231 0.41346153846153844 0.1310096153846154 0.2932692307692308
1 0.4495192307692308 0.5 0.02403846153846154 0.040865384615384616
2 0.3557692307692308 0.6598557692307693 0.2403846153846154 0.07451923076923077
2 0.43149038461538464 0.6033653846153846 0.08413461538461539 0.09014423076923077
2 0.2800480769230769 0.6237980769230769 0.14182692307692307 0.25961538461538464
1 0.28365384615384615 0.5072115384615384 0.026442307692307692 0.020432692307692308
2 0.36899038461538464 0.7223557692307693 0.11057692307692307 0.35336538461538464
1 0.3449519230769231 0.6430288461538461 0.026442307692307692 0.04807692307692308
2 0.06370192307692307 0.21995192307692307 0.07211538461538461 0.3004807692307692
2 0.15144230769230768 0.22596153846153846 0.08413461538461539 0.2091346153846154
2 0.15865384615384615 0.43028846153846156 0.09495192307692307 0.3293269230769231
2 0.14302884615384615 0.49158653846153844 0.0829326923076923 0.3112980769230769