2 0.6105769230769231 0.3329326923076923 0.09495192307692307 0.359375
2 0.6213942307692307 0.4206730769230769 0.06370192307692307 0.3425480769230769
2 0.671875 0.43028846153846156 0.056490384615384616 0.3605769230769231
2 0.7091346153846154 0.4483173076923077 0.0733173076923077 0.328125
2 0.9086538461538461 0.4651442307692308 0.15745192307692307 0.21514423076923078
2 0.7644230769230769 0.5528846153846154 0.07451923076923077 0.3641826923076923
2 0.7247596153846154 0.7355769230769231 0.0829326923076923 0.4182692307692308
1 0.7331730769230769 0.6490384615384616 0.020432692307692308 0.05048076923076923
2 0.8028846153846154 0.8209134615384616 0.109375 0.3581730769230769
1 0.7884615384615384 0.7740384615384616 0.03125 0.056490384615384616
2 0.4855769230769231 0.4074519230769231 0.09495192307692307 0.4375
2 0.43028846153846156 0.5516826923076923 0.10096153846153846 0.44350961538461536
2 0.3545673076923077 0.2980769230769231 0.07211538461538461 0.25
2 0.3629807692307692 0.42788461538461536 0.052884615384615384 0.2848557692307692
2 0.30528846153846156 0.4519230769230769 0.0625 0.43028846153846156
2 0.3317307692307692 0.5240384615384616 0.078125 0.38100961538461536
1 0.3245192307692308 0.4411057692307692 0.030048076923076924 0.052884615384615384
2 0.24639423076923078 0.49399038461538464 0.06850961538461539 0.359375