2 0.7019230769230769 0.12379807692307693 0.12379807692307693 0.2439903846153846
2 0.9050480769230769 0.21754807692307693 0.11899038461538461 0.2800480769230769
2 0.9663461538461539 0.359375 0.0673076923076923 0.3401442307692308
2 0.6370192307692307 0.3545673076923077 0.12860576923076922 0.32211538461538464
2 0.7536057692307693 0.4675480769230769 0.1346153846153846 0.3557692307692308
2 0.6682692307692307 0.5456730769230769 0.1346153846153846 0.14423076923076922
2 0.2956730769230769 0.41346153846153844 0.13221153846153846 0.3485576923076923
2 0.42427884615384615 0.5252403846153846 0.12620192307692307 0.31850961538461536
2 0.5384615384615384 0.5745192307692307 0.16826923076923078 0.3269230769230769
2 0.5240384615384616 0.6754807692307693 0.15625 0.2980769230769231
2 0.8677884615384616 0.875 0.14903846153846154 0.25
2 0.4050480769230769 0.8930288461538461 0.14182692307692307 0.21153846153846154
3 0.6742788461538461 0.7596153846153846 0.15745192307692307 0.3605769230769231
0 0.2548076923076923 0.3737980769230769 0.037259615384615384 0.0625
1 0.7427884615384616 0.38100961538461536 0.019230769230769232 0.04807692307692308
1 0.3942307692307692 0.8846153846153846 0.03245192307692308 0.04567307692307692
1 0.5048076923076923 0.6057692307692307 0.025240384615384616 0.040865384615384616
1 0.41225961538461536 0.4567307692307692 0.025240384615384616 0.052884615384615384
1 0.515625 0.4879807692307692 0.027644230769230768 0.04807692307692308
1 0.8846153846153846 0.8497596153846154 0.027644230769230768 0.055288461538461536