2 0.6466346153846154 0.3425480769230769 0.026442307692307692 0.07451923076923077
2 0.5985576923076923 0.3918269230769231 0.027644230769230768 0.08774038461538461
2 0.546875 0.4495192307692308 0.025240384615384616 0.07692307692307693
2 0.3076923076923077 0.5060096153846154 0.025240384615384616 0.10336538461538461
2 0.1622596153846154 0.6129807692307693 0.027644230769230768 0.09495192307692307
2 0.10336538461538461 0.7175480769230769 0.036057692307692304 0.10096153846153846
3 0.8846153846153846 0.3473557692307692 0.025240384615384616 0.06850961538461539
2 0.9615384615384616 0.46033653846153844 0.02403846153846154 0.0889423076923077
2 0.7043269230769231 0.49759615384615385 0.016826923076923076 0.0829326923076923
2 0.6947115384615384 0.5180288461538461 0.019230769230769232 0.0889423076923077
2 0.6838942307692307 0.5264423076923077 0.021634615384615384 0.09014423076923077
2 0.6706730769230769 0.5384615384615384 0.025240384615384616 0.08413461538461539
2 0.6550480769230769 0.5096153846153846 0.015625 0.06610576923076923
2 0.6418269230769231 0.5240384615384616 0.015625 0.0829326923076923
2 0.6237980769230769 0.5012019230769231 0.019230769230769232 0.052884615384615384
3 0.6213942307692307 0.5252403846153846 0.021634615384615384 0.07451923076923077
2 0.6069711538461539 0.5120192307692307 0.020432692307692308 0.0829326923076923
2 0.5721153846153846 0.5120192307692307 0.015625 0.09735576923076923
2 0.5865384615384616 0.5144230769230769 0.019230769230769232 0.10576923076923077
2 0.5949519230769231 0.5132211538461539 0.014423076923076924 0.1045673076923077
2 0.7199519230769231 0.5324519230769231 0.020432692307692308 0.09254807692307693
2 0.7584134615384616 0.6346153846153846 0.030048076923076924 0.09495192307692307
2 0.7776442307692307 0.6935096153846154 0.038461538461538464 0.1045673076923077
1 0.7644230769230769 0.6177884615384616 0.009615384615384616 0.01201923076923077
1 0.7740384615384616 0.6682692307692307 0.009615384615384616 0.016826923076923076
2 0.7512019230769231 0.8545673076923077 0.027644230769230768 0.12139423076923077