2 0.8197115384615384 0.3629807692307692 0.10576923076923077 0.390625
1 0.8317307692307693 0.2848557692307692 0.027644230769230768 0.046875
2 0.7355769230769231 0.4387019230769231 0.1310096153846154 0.3088942307692308
2 0.5745192307692307 0.25961538461538464 0.12980769230769232 0.296875
2 0.5745192307692307 0.4098557692307692 0.11778846153846154 0.2860576923076923
0 0.546875 0.38461538461538464 0.046875 0.06370192307692307
2 0.5901442307692307 0.6310096153846154 0.11057692307692307 0.3076923076923077
1 0.5925480769230769 0.5709134615384616 0.030048076923076924 0.04807692307692308
2 0.7199519230769231 0.8533653846153846 0.0829326923076923 0.2920673076923077
2 0.6502403846153846 0.8557692307692307 0.08653846153846154 0.28846153846153844
1 0.6622596153846154 0.8293269230769231 0.015625 0.05048076923076923
2 0.5709134615384616 0.8509615384615384 0.1045673076923077 0.2980769230769231
1 0.5925480769230769 0.8173076923076923 0.03125 0.05048076923076923
2 0.1141826923076923 0.23317307692307693 0.10336538461538461 0.2620192307692308
2 0.21153846153846154 0.36538461538461536 0.125 0.296875
2 0.18269230769230768 0.43028846153846156 0.12860576923076922 0.3016826923076923
1 0.1466346153846154 0.3713942307692308 0.027644230769230768 0.051682692307692304
2 0.30528846153846156 0.47716346153846156 0.11298076923076923 0.3137019230769231
1 0.2764423076923077 0.4230769230769231 0.025240384615384616 0.04807692307692308
2 0.3473557692307692 0.5649038461538461 0.109375 0.3894230769230769
1 0.32091346153846156 0.4879807692307692 0.03245192307692308 0.05889423076923077
2 0.40024038461538464 0.7175480769230769 0.0889423076923077 0.25961538461538464
1 0.4026442307692308 0.6935096153846154 0.02403846153846154 0.04326923076923077
2 0.3870192307692308 0.8233173076923077 0.12620192307692307 0.34975961538461536
1 0.3894230769230769 0.7740384615384616 0.036057692307692304 0.06129807692307692
2 0.44471153846153844 0.8798076923076923 0.14423076923076922 0.2403846153846154
1 0.4375 0.9074519230769231 0.027644230769230768 0.0625