2 0.28966346153846156 0.38822115384615385 0.0733173076923077 0.31971153846153844
2 0.23197115384615385 0.5132211538461539 0.09254807692307693 0.30528846153846156
2 0.4254807692307692 0.421875 0.11538461538461539 0.296875
2 0.44350961538461536 0.5612980769230769 0.1201923076923077 0.35096153846153844
2 0.6346153846153846 0.4699519230769231 0.1045673076923077 0.23076923076923078
2 0.6658653846153846 0.5456730769230769 0.07932692307692307 0.3173076923076923
1 0.65625 0.453125 0.027644230769230768 0.03485576923076923
2 0.9134615384615384 0.5492788461538461 0.10576923076923077 0.3293269230769231
1 0.9122596153846154 0.484375 0.021634615384615384 0.052884615384615384
2 0.8930288461538461 0.6117788461538461 0.1141826923076923 0.33653846153846156
2 0.8161057692307693 0.6394230769230769 0.109375 0.33774038461538464
1 0.8233173076923077 0.5600961538461539 0.025240384615384616 0.04567307692307692
2 0.7199519230769231 0.5769230769230769 0.109375 0.296875
1 0.7235576923076923 0.5240384615384616 0.03125 0.04567307692307692
3 0.9663461538461539 0.765625 0.0673076923076923 0.3485576923076923
2 0.6526442307692307 0.8581730769230769 0.11538461538461539 0.2824519230769231
1 0.6814903846153846 0.8257211538461539 0.03485576923076923 0.055288461538461536
2 0.5709134615384616 0.6899038461538461 0.12620192307692307 0.38221153846153844
1 0.5697115384615384 0.6153846153846154 0.02403846153846154 0.051682692307692304