3 0.9831730769230769 0.27884615384615385 0.030048076923076924 0.04807692307692308
2 0.9807692307692307 0.359375 0.025240384615384616 0.06850961538461539
2 0.9254807692307693 0.39783653846153844 0.026442307692307692 0.057692307692307696
2 0.90625 0.4254807692307692 0.025240384615384616 0.07211538461538461
2 0.9302884615384616 0.43028846153846156 0.030048076923076924 0.07932692307692307
2 0.9603365384615384 0.4483173076923077 0.03245192307692308 0.06850961538461539
2 0.9591346153846154 0.4723557692307692 0.027644230769230768 0.06610576923076923
2 0.9567307692307693 0.5108173076923077 0.037259615384615384 0.07451923076923077
2 0.9747596153846154 0.6129807692307693 0.027644230769230768 0.07692307692307693
2 0.9495192307692307 0.5949519230769231 0.03485576923076923 0.08774038461538461
2 0.9038461538461539 0.5300480769230769 0.03245192307692308 0.07692307692307693
3 0.8846153846153846 0.5432692307692307 0.030048076923076924 0.0733173076923077
2 0.8581730769230769 0.5372596153846154 0.027644230769230768 0.0733173076923077
2 0.8822115384615384 0.6105769230769231 0.046875 0.09254807692307693
2 0.8485576923076923 0.5961538461538461 0.027644230769230768 0.07932692307692307
2 0.7860576923076923 0.4110576923076923 0.03485576923076923 0.08774038461538461
2 0.8293269230769231 0.46274038461538464 0.03485576923076923 0.08173076923076923
2 0.7824519230769231 0.5480769230769231 0.027644230769230768 0.078125
2 0.7992788461538461 0.5997596153846154 0.03245192307692308 0.08653846153846154
2 0.7247596153846154 0.6322115384615384 0.037259615384615384 0.09254807692307693
2 0.7668269230769231 0.6802884615384616 0.040865384615384616 0.09495192307692307
2 0.7512019230769231 0.8497596153846154 0.03485576923076923 0.10817307692307693
3 0.9074519230769231 0.9783653846153846 0.038461538461538464 0.04326923076923077
2 0.47475961538461536 0.8293269230769231 0.04567307692307692 0.10817307692307693
2 0.19951923076923078 0.5060096153846154 0.03245192307692308 0.08653846153846154
2 0.0889423076923077 0.6550480769230769 0.037259615384615384 0.08653846153846154
0 0.07932692307692307 0.6418269230769231 0.010817307692307692 0.020432692307692308