3 0.27403846153846156 0.20432692307692307 0.02403846153846154 0.09375
2 0.45552884615384615 0.2956730769230769 0.036057692307692304 0.11298076923076923
2 0.25961538461538464 0.33052884615384615 0.03485576923076923 0.07692307692307693
2 0.28966346153846156 0.3401442307692308 0.026442307692307692 0.06370192307692307
2 0.2932692307692308 0.3557692307692308 0.03245192307692308 0.07692307692307693
2 0.3076923076923077 0.40024038461538464 0.03125 0.1045673076923077
2 0.2692307692307692 0.41346153846153844 0.03485576923076923 0.09014423076923077
2 0.23197115384615385 0.3605769230769231 0.04807692307692308 0.06971153846153846
2 0.20432692307692307 0.31850961538461536 0.026442307692307692 0.06850961538461539
2 0.20432692307692307 0.3401442307692308 0.036057692307692304 0.07932692307692307
2 0.20552884615384615 0.4098557692307692 0.036057692307692304 0.0985576923076923
3 0.23197115384615385 0.421875 0.026442307692307692 0.09735576923076923
2 0.17668269230769232 0.3629807692307692 0.021634615384615384 0.09975961538461539
2 0.35096153846153844 0.4362980769230769 0.03245192307692308 0.10817307692307693
2 0.4110576923076923 0.4831730769230769 0.03485576923076923 0.109375
2 0.5588942307692307 0.5288461538461539 0.03245192307692308 0.11057692307692307
0 0.5456730769230769 0.5300480769230769 0.01201923076923077 0.019230769230769232
2 0.6165865384615384 0.5817307692307693 0.06129807692307692 0.11899038461538461
2 0.78125 0.7091346153846154 0.0625 0.12980769230769232
2 0.10336538461538461 0.43149038461538464 0.037259615384615384 0.10336538461538461
2 0.2608173076923077 0.5252403846153846 0.040865384615384616 0.109375
2 0.234375 0.5805288461538461 0.03485576923076923 0.11778846153846154
2 0.20192307692307693 0.6850961538461539 0.040865384615384616 0.13581730769230768