2 0.9519230769230769 0.2548076923076923 0.09495192307692307 0.33774038461538464
2 0.6502403846153846 0.1310096153846154 0.10096153846153846 0.25961538461538464
2 0.5576923076923077 0.14903846153846154 0.109375 0.2932692307692308
2 0.4098557692307692 0.08173076923076923 0.07451923076923077 0.15985576923076922
2 0.4795673076923077 0.4699519230769231 0.13701923076923078 0.3016826923076923
0 0.44711538461538464 0.43149038461538464 0.03245192307692308 0.052884615384615384
2 0.6526442307692307 0.5901442307692307 0.1201923076923077 0.3245192307692308
1 0.6526442307692307 0.4879807692307692 0.019230769230769232 0.03125
2 0.6887019230769231 0.7800480769230769 0.15625 0.3786057692307692
1 0.6682692307692307 0.6826923076923077 0.025240384615384616 0.04326923076923077
2 0.5192307692307693 0.8425480769230769 0.11899038461538461 0.3112980769230769
1 0.5012019230769231 0.8112980769230769 0.027644230769230768 0.052884615384615384
2 0.1935096153846154 0.10576923076923077 0.08774038461538461 0.2091346153846154
3 0.06971153846153846 0.06850961538461539 0.046875 0.1346153846153846
2 0.25240384615384615 0.13942307692307693 0.0985576923076923 0.25961538461538464
2 0.2512019230769231 0.3557692307692308 0.10096153846153846 0.31850961538461536
2 0.3004807692307692 0.5673076923076923 0.11298076923076923 0.31850961538461536
1 0.2860576923076923 0.47475961538461536 0.025240384615384616 0.042067307692307696
2 0.38100961538461536 0.6418269230769231 0.10576923076923077 0.3076923076923077
1 0.3629807692307692 0.5721153846153846 0.027644230769230768 0.04807692307692308