3 0.5360576923076923 0.28125 0.06850961538461539 0.171875
3 0.6009615384615384 0.41586538461538464 0.0733173076923077 0.21875
2 0.5324519230769231 0.3737980769230769 0.06610576923076923 0.17307692307692307
2 0.5432692307692307 0.5048076923076923 0.06370192307692307 0.1875
2 0.5432692307692307 0.5961538461538461 0.09254807692307693 0.2704326923076923
2 0.47596153846153844 0.47115384615384615 0.07211538461538461 0.22355769230769232
1 0.5552884615384616 0.5240384615384616 0.014423076923076924 0.03125
2 0.17067307692307693 0.5012019230769231 0.0889423076923077 0.2764423076923077
2 0.3713942307692308 0.4699519230769231 0.04807692307692308 0.1778846153846154
2 0.41346153846153844 0.453125 0.046875 0.1466346153846154
2 0.38221153846153844 0.6322115384615384 0.0733173076923077 0.2920673076923077
2 0.28725961538461536 0.6526442307692307 0.09735576923076923 0.2800480769230769
1 0.2692307692307692 0.5925480769230769 0.021634615384615384 0.040865384615384616
2 0.46274038461538464 0.6394230769230769 0.0829326923076923 0.28846153846153844
1 0.4567307692307692 0.5769230769230769 0.02403846153846154 0.042067307692307696
2 0.4567307692307692 0.6995192307692307 0.0829326923076923 0.2956730769230769
1 0.4579326923076923 0.6201923076923077 0.019230769230769232 0.03125
2 0.8689903846153846 0.6105769230769231 0.09495192307692307 0.25
0 0.7956730769230769 0.5096153846153846 0.03245192307692308 0.04807692307692308