2 0.22355769230769232 0.3786057692307692 0.1502403846153846 0.3293269230769231
2 0.40024038461538464 0.484375 0.109375 0.234375
2 0.49399038461538464 0.49038461538461536 0.11899038461538461 0.22235576923076922
0 0.5180288461538461 0.5697115384615384 0.03245192307692308 0.06129807692307692
3 0.49278846153846156 0.671875 0.11899038461538461 0.36538461538461536
2 0.7199519230769231 0.12379807692307693 0.11057692307692307 0.24519230769230768
2 0.7824519230769231 0.265625 0.11778846153846154 0.34375
2 0.6742788461538461 0.43028846153846156 0.0889423076923077 0.33653846153846156
2 0.6189903846153846 0.47596153846153844 0.109375 0.2704326923076923
2 0.5408653846153846 0.4723557692307692 0.08413461538461539 0.18870192307692307
2 0.5865384615384616 0.5540865384615384 0.09975961538461539 0.12620192307692307
2 0.7596153846153846 0.48677884615384615 0.13581730769230768 0.3798076923076923
2 0.8762019230769231 0.6394230769230769 0.125 0.34975961538461536
2 0.8798076923076923 0.8161057692307693 0.14423076923076922 0.3389423076923077
2 0.8509615384615384 0.859375 0.11538461538461539 0.27163461538461536
2 0.02403846153846154 0.10096153846153846 0.04326923076923077 0.19951923076923078
1 0.4855769230769231 0.43509615384615385 0.03125 0.04567307692307692
1 0.8677884615384616 0.8353365384615384 0.026442307692307692 0.055288461538461536
1 0.8846153846153846 0.5637019230769231 0.03485576923076923 0.04326923076923077
1 0.7716346153846154 0.3762019230769231 0.021634615384615384 0.04807692307692308