3 0.7055288461538461 0.30288461538461536 0.02403846153846154 0.038461538461538464
2 0.8377403846153846 0.37259615384615385 0.025240384615384616 0.0673076923076923
2 0.6862980769230769 0.3641826923076923 0.020432692307692308 0.056490384615384616
2 0.7175480769230769 0.3737980769230769 0.016826923076923076 0.05048076923076923
2 0.7043269230769231 0.36899038461538464 0.014423076923076924 0.04567307692307692
2 0.7091346153846154 0.38461538461538464 0.016826923076923076 0.046875
2 0.7223557692307693 0.4170673076923077 0.019230769230769232 0.05048076923076923
2 0.7091346153846154 0.4387019230769231 0.026442307692307692 0.05889423076923077
2 0.7247596153846154 0.47115384615384615 0.03245192307692308 0.06971153846153846
2 0.7019230769230769 0.4855769230769231 0.030048076923076924 0.056490384615384616
2 0.8341346153846154 0.4963942307692308 0.030048076923076924 0.05889423076923077
2 0.7127403846153846 0.5264423076923077 0.027644230769230768 0.05048076923076923
2 0.7584134615384616 0.5661057692307693 0.036057692307692304 0.0673076923076923
2 0.7331730769230769 0.5072115384615384 0.021634615384615384 0.056490384615384616
2 0.7115384615384616 0.5685096153846154 0.025240384615384616 0.07211538461538461
2 0.7319711538461539 0.5600961538461539 0.030048076923076924 0.06370192307692307
2 0.7415865384615384 0.6334134615384616 0.03245192307692308 0.07932692307692307
2 0.7740384615384616 0.8629807692307693 0.056490384615384616 0.09735576923076923
3 0.7764423076923077 0.9495192307692307 0.052884615384615384 0.08413461538461539
2 0.6225961538461539 0.5973557692307693 0.038461538461538464 0.07692307692307693
2 0.6382211538461539 0.3858173076923077 0.020432692307692308 0.05048076923076923
2 0.6322115384615384 0.39783653846153844 0.019230769230769232 0.051682692307692304
2 0.6502403846153846 0.41225961538461536 0.016826923076923076 0.056490384615384616
3 0.6442307692307693 0.4831730769230769 0.021634615384615384 0.06610576923076923
2 0.6262019230769231 0.47836538461538464 0.02403846153846154 0.06370192307692307
2 0.5841346153846154 0.39663461538461536 0.025240384615384616 0.06370192307692307
2 0.6081730769230769 0.43149038461538464 0.02403846153846154 0.0625
2 0.5817307692307693 0.5036057692307693 0.027644230769230768 0.0673076923076923
2 0.484375 0.7908653846153846 0.046875 0.07692307692307693
2 0.09014423076923077 0.45913461538461536 0.051682692307692304 0.06129807692307692
2 0.06129807692307692 0.7043269230769231 0.038461538461538464 0.08173076923076923
0 0.24278846153846154 0.4182692307692308 0.014423076923076924 0.016826923076923076