2 0.9711538461538461 0.15865384615384615 0.057692307692307696 0.3173076923076923
2 0.8930288461538461 0.07692307692307693 0.09254807692307693 0.1502403846153846
2 0.8533653846153846 0.24639423076923078 0.11778846153846154 0.30288461538461536
2 0.8870192307692307 0.41225961538461536 0.11899038461538461 0.42788461538461536
2 0.8557692307692307 0.6298076923076923 0.13581730769230768 0.41225961538461536
2 0.7427884615384616 0.6466346153846154 0.13701923076923078 0.4699519230769231
2 0.7740384615384616 0.8449519230769231 0.09375 0.3088942307692308
2 0.8810096153846154 0.8112980769230769 0.15264423076923078 0.36778846153846156
3 0.6394230769230769 0.3004807692307692 0.15625 0.3858173076923077
2 0.1346153846153846 0.19110576923076922 0.09975961538461539 0.3762019230769231
2 0.23557692307692307 0.30288461538461536 0.12620192307692307 0.38461538461538464
2 0.3245192307692308 0.4675480769230769 0.10336538461538461 0.3762019230769231
2 0.42788461538461536 0.6634615384615384 0.1201923076923077 0.2512019230769231
2 0.46274038461538464 0.7668269230769231 0.1658653846153846 0.2283653846153846
2 0.5120192307692307 0.7199519230769231 0.1466346153846154 0.3245192307692308
2 0.46634615384615385 0.7800480769230769 0.22596153846153846 0.12980769230769232
0 0.515625 0.8185096153846154 0.027644230769230768 0.042067307692307696
1 0.7355769230769231 0.5120192307692307 0.030048076923076924 0.051682692307692304
1 0.8737980769230769 0.32091346153846156 0.036057692307692304 0.04807692307692308
1 0.8786057692307693 0.7512019230769231 0.03125 0.052884615384615384
1 0.7788461538461539 0.8137019230769231 0.036057692307692304 0.052884615384615384
1 0.32091346153846156 0.40865384615384615 0.03245192307692308 0.06370192307692307
1 0.41586538461538464 0.7007211538461539 0.030048076923076924 0.038461538461538464
1 0.5060096153846154 0.6033653846153846 0.03485576923076923 0.037259615384615384