3 0.8725961538461539 0.24639423076923078 0.038461538461538464 0.07451923076923077
2 0.3449519230769231 0.5432692307692307 0.055288461538461536 0.04326923076923077
1 0.33413461538461536 0.5348557692307693 0.01201923076923077 0.009615384615384616
2 0.5120192307692307 0.515625 0.046875 0.08173076923076923
2 0.6081730769230769 0.5144230769230769 0.046875 0.0829326923076923
2 0.8076923076923077 0.5576923076923077 0.021634615384615384 0.078125
2 0.7884615384615384 0.5540865384615384 0.021634615384615384 0.0733173076923077
2 0.9194711538461539 0.5973557692307693 0.036057692307692304 0.09254807692307693
1 0.7908653846153846 0.5396634615384616 0.009615384615384616 0.014423076923076924
2 0.7007211538461539 0.6141826923076923 0.03245192307692308 0.08173076923076923
2 0.7692307692307693 0.6526442307692307 0.04567307692307692 0.0985576923076923
1 0.7680288461538461 0.6346153846153846 0.004807692307692308 0.009615384615384616
2 0.8581730769230769 0.7247596153846154 0.042067307692307696 0.06850961538461539
2 0.7632211538461539 0.734375 0.036057692307692304 0.08413461538461539
2 0.8305288461538461 0.8389423076923077 0.04567307692307692 0.08774038461538461
2 0.7379807692307693 0.7752403846153846 0.036057692307692304 0.08173076923076923
2 0.6478365384615384 0.6682692307692307 0.042067307692307696 0.09254807692307693
3 0.5661057692307693 0.6995192307692307 0.03125 0.078125
2 0.5072115384615384 0.6057692307692307 0.036057692307692304 0.09014423076923077
2 0.4543269230769231 0.6622596153846154 0.04326923076923077 0.10336538461538461
2 0.4831730769230769 0.9435096153846154 0.04567307692307692 0.09014423076923077
1 0.4879807692307692 0.9302884615384616 0.007211538461538462 0.015625
2 0.25721153846153844 0.9254807692307693 0.03485576923076923 0.10096153846153846
1 0.2548076923076923 0.9014423076923077 0.006009615384615385 0.009615384615384616