2 0.6923076923076923 0.125 0.1622596153846154 0.24639423076923078
2 0.5516826923076923 0.23076923076923078 0.11899038461538461 0.3713942307692308
2 0.3798076923076923 0.3954326923076923 0.08774038461538461 0.3317307692307692
2 0.5048076923076923 0.5120192307692307 0.10576923076923077 0.14423076923076922
2 0.5769230769230769 0.6213942307692307 0.1141826923076923 0.21995192307692307
1 0.5649038461538461 0.5276442307692307 0.026442307692307692 0.02403846153846154
3 0.4675480769230769 0.6177884615384616 0.10576923076923077 0.33774038461538464
2 0.33052884615384615 0.5012019230769231 0.0829326923076923 0.3605769230769231
2 0.22596153846153846 0.5408653846153846 0.10576923076923077 0.3786057692307692
2 0.12620192307692307 0.6502403846153846 0.07932692307692307 0.41225961538461536
0 0.5504807692307693 0.6550480769230769 0.03485576923076923 0.04567307692307692