2 0.49399038461538464 0.22355769230769232 0.10336538461538461 0.3557692307692308
3 0.17307692307692307 0.10817307692307693 0.11298076923076923 0.21153846153846154
2 0.7223557692307693 0.09735576923076923 0.11298076923076923 0.19110576923076922
2 0.9471153846153846 0.1778846153846154 0.10096153846153846 0.3473557692307692
2 0.953125 0.4266826923076923 0.09014423076923077 0.3401442307692308
2 0.9507211538461539 0.484375 0.0985576923076923 0.3581730769230769
2 0.9002403846153846 0.5096153846153846 0.1346153846153846 0.3954326923076923
2 0.5805288461538461 0.4098557692307692 0.11057692307692307 0.265625
2 0.6742788461538461 0.5817307692307693 0.13581730769230768 0.38461538461538464
1 0.6899038461538461 0.4831730769230769 0.04567307692307692 0.06129807692307692
2 0.6189903846153846 0.5480769230769231 0.18629807692307693 0.1622596153846154
1 0.5817307692307693 0.5252403846153846 0.04807692307692308 0.04567307692307692
2 0.4362980769230769 0.484375 0.14543269230769232 0.1971153846153846
2 0.5240384615384616 0.5600961538461539 0.07451923076923077 0.18629807692307693
2 0.45913461538461536 0.5588942307692307 0.08653846153846154 0.11057692307692307
2 0.40865384615384615 0.5913461538461539 0.11057692307692307 0.3762019230769231
1 0.4050480769230769 0.5216346153846154 0.020432692307692308 0.06971153846153846
2 0.6802884615384616 0.8088942307692307 0.125 0.38221153846153844
1 0.6802884615384616 0.7536057692307693 0.030048076923076924 0.06370192307692307