3 0.38822115384615385 0.5036057692307693 0.020432692307692308 0.04567307692307692
2 0.40024038461538464 0.5492788461538461 0.02403846153846154 0.055288461538461536
2 0.46153846153846156 0.5745192307692307 0.030048076923076924 0.06370192307692307
2 0.5625 0.6310096153846154 0.025240384615384616 0.057692307692307696
2 0.5985576923076923 0.6742788461538461 0.021634615384615384 0.06370192307692307
1 0.59375 0.6622596153846154 0.006009615384615385 0.010817307692307692
2 0.6610576923076923 0.6875 0.025240384615384616 0.08173076923076923
2 0.7451923076923077 0.7908653846153846 0.03485576923076923 0.08173076923076923
2 0.6418269230769231 0.8317307692307693 0.030048076923076924 0.078125
2 0.6129807692307693 0.8245192307692307 0.02403846153846154 0.07932692307692307
2 0.46153846153846156 0.6826923076923077 0.03125 0.06850961538461539
2 0.4987980769230769 0.6959134615384616 0.03125 0.055288461538461536
1 0.49759615384615385 0.6838942307692307 0.007211538461538462 0.007211538461538462
1 0.46153846153846156 0.6706730769230769 0.004807692307692308 0.009615384615384616
2 0.5384615384615384 0.7007211538461539 0.03485576923076923 0.0829326923076923
1 0.5372596153846154 0.6802884615384616 0.009615384615384616 0.014423076923076924
3 0.4723557692307692 0.7319711538461539 0.021634615384615384 0.057692307692307696
2 0.5120192307692307 0.7199519230769231 0.03485576923076923 0.055288461538461536
2 0.49038461538461536 0.7512019230769231 0.020432692307692308 0.06370192307692307
1 0.4891826923076923 0.7319711538461539 0.009615384615384616 0.007211538461538462
2 0.5168269230769231 0.7776442307692307 0.020432692307692308 0.06370192307692307
2 0.5192307692307693 0.7908653846153846 0.021634615384615384 0.078125
2 0.5132211538461539 0.8221153846153846 0.036057692307692304 0.042067307692307696
2 0.49038461538461536 0.8088942307692307 0.026442307692307692 0.056490384615384616
2 0.47115384615384615 0.8341346153846154 0.030048076923076924 0.078125
2 0.41586538461538464 0.8293269230769231 0.038461538461538464 0.08413461538461539
2 0.33653846153846156 0.7908653846153846 0.03245192307692308 0.08653846153846154
1 0.3401442307692308 0.7824519230769231 0.010817307692307692 0.014423076923076924
2 0.43509615384615385 0.7355769230769231 0.030048076923076924 0.07211538461538461
2 0.42427884615384615 0.7548076923076923 0.030048076923076924 0.06610576923076923
2 0.20192307692307693 0.5805288461538461 0.026442307692307692 0.06129807692307692
2 0.28725961538461536 0.6153846153846154 0.030048076923076924 0.06370192307692307
2 0.3161057692307692 0.6466346153846154 0.03125 0.0733173076923077
2 0.9266826923076923 0.9723557692307693 0.03485576923076923 0.055288461538461536
1 0.6394230769230769 0.8064903846153846 0.006009615384615385 0.007211538461538462