2 0.7536057692307693 0.6706730769230769 0.13942307692307693 0.6237980769230769
0 0.7355769230769231 0.6346153846153846 0.06370192307692307 0.09254807692307693
3 0.5733173076923077 0.5 0.20432692307692307 1
3 0.16826923076923078 0.5408653846153846 0.0889423076923077 0.2860576923076923
2 0.27283653846153844 0.47716346153846156 0.014423076923076924 0.042067307692307696
2 0.23076923076923078 0.47115384615384615 0.020432692307692308 0.057692307692307696
2 0.21754807692307693 0.4675480769230769 0.009615384615384616 0.03245192307692308
2 0.375 0.4891826923076923 0.019230769230769232 0.08173076923076923
2 0.4519230769230769 0.49038461538461536 0.021634615384615384 0.08413461538461539
2 0.3401442307692308 0.4963942307692308 0.03245192307692308 0.140625
2 0.30528846153846156 0.4951923076923077 0.040865384615384616 0.17548076923076922
2 0.11899038461538461 0.5228365384615384 0.0625 0.23918269230769232
1 0.12379807692307693 0.4855769230769231 0.014423076923076924 0.026442307692307692
2 0.021634615384615384 0.5024038461538461 0.040865384615384616 0.2512019230769231