3 0.47716346153846156 0.24759615384615385 0.03245192307692308 0.09495192307692307
2 0.21754807692307693 0.3401442307692308 0.027644230769230768 0.11057692307692307
2 0.2980769230769231 0.3401442307692308 0.03485576923076923 0.12620192307692307
2 0.3293269230769231 0.3293269230769231 0.026442307692307692 0.07451923076923077
2 0.35336538461538464 0.3425480769230769 0.02403846153846154 0.0829326923076923
2 0.33774038461538464 0.39302884615384615 0.027644230769230768 0.1045673076923077
2 0.3485576923076923 0.42788461538461536 0.03125 0.0985576923076923
2 0.41947115384615385 0.35336538461538464 0.03245192307692308 0.11057692307692307
2 0.46634615384615385 0.33052884615384615 0.030048076923076924 0.06971153846153846
3 0.49278846153846156 0.3425480769230769 0.030048076923076924 0.0985576923076923
2 0.4651442307692308 0.3629807692307692 0.03485576923076923 0.09975961538461539
2 0.5132211538461539 0.43149038461538464 0.036057692307692304 0.10336538461538461
2 0.46875 0.4230769230769231 0.03485576923076923 0.109375
2 0.2776442307692308 0.421875 0.03125 0.11298076923076923
2 0.25961538461538464 0.4675480769230769 0.04807692307692308 0.12379807692307693
2 0.31850961538461536 0.5204326923076923 0.037259615384615384 0.09735576923076923
2 0.5420673076923077 0.5144230769230769 0.037259615384615384 0.10576923076923077
0 0.5480769230769231 0.5060096153846154 0.010817307692307692 0.020432692307692308
2 0.6887019230769231 0.46274038461538464 0.03125 0.1310096153846154
2 0.6213942307692307 0.5408653846153846 0.04326923076923077 0.109375
2 0.6177884615384616 0.5637019230769231 0.055288461538461536 0.10576923076923077
2 0.6153846153846154 0.6418269230769231 0.06129807692307692 0.13581730769230768
2 0.734375 0.5841346153846154 0.046875 0.11778846153846154
2 0.9771634615384616 0.8485576923076923 0.04567307692307692 0.1658653846153846
2 0.3629807692307692 0.5721153846153846 0.04807692307692308 0.1201923076923077
2 0.1935096153846154 0.6129807692307693 0.04567307692307692 0.13942307692307693
2 0.17668269230769232 0.7007211538461539 0.06850961538461539 0.14543269230769232
2 0.09254807692307693 0.8052884615384616 0.07451923076923077 0.13581730769230768