2 0.5336538461538461 0.5144230769230769 0.03245192307692308 0.08173076923076923
2 0.49399038461538464 0.5300480769230769 0.02403846153846154 0.08774038461538461
2 0.5120192307692307 0.5576923076923077 0.02403846153846154 0.08774038461538461
2 0.5348557692307693 0.6502403846153846 0.027644230769230768 0.08774038461538461
2 0.47836538461538464 0.5865384615384616 0.030048076923076924 0.09495192307692307
2 0.4411057692307692 0.6610576923076923 0.036057692307692304 0.08173076923076923
2 0.4675480769230769 0.5372596153846154 0.020432692307692308 0.078125
2 0.4519230769230769 0.5456730769230769 0.026442307692307692 0.07211538461538461
2 0.4483173076923077 0.6189903846153846 0.021634615384615384 0.07451923076923077
3 0.4182692307692308 0.5588942307692307 0.027644230769230768 0.08653846153846154
2 0.46634615384615385 0.4807692307692308 0.030048076923076924 0.0733173076923077
2 0.44591346153846156 0.4987980769230769 0.02403846153846154 0.06971153846153846
2 0.41586538461538464 0.5036057692307693 0.025240384615384616 0.078125
2 0.3701923076923077 0.5048076923076923 0.025240384615384616 0.09014423076923077
2 0.4026442307692308 0.46033653846153844 0.025240384615384616 0.08653846153846154
2 0.390625 0.4807692307692308 0.025240384615384616 0.09014423076923077
2 0.43509615384615385 0.3762019230769231 0.02403846153846154 0.09014423076923077
2 0.3581730769230769 0.4182692307692308 0.027644230769230768 0.08173076923076923
2 0.2283653846153846 0.47475961538461536 0.021634615384615384 0.0829326923076923
3 0.7584134615384616 0.25 0.03245192307692308 0.078125
2 0.20192307692307693 0.16466346153846154 0.038461538461538464 0.07692307692307693
2 0.06129807692307692 0.41947115384615385 0.05048076923076923 0.10096153846153846
2 0.36658653846153844 0.8329326923076923 0.020432692307692308 0.08774038461538461
2 0.3545673076923077 0.8401442307692307 0.021634615384615384 0.07451923076923077
2 0.36658653846153844 0.9591346153846154 0.030048076923076924 0.078125
2 0.31971153846153844 0.9747596153846154 0.030048076923076924 0.04807692307692308