3 0.7223557692307693 0.15745192307692307 0.025240384615384616 0.07692307692307693
2 0.8665865384615384 0.19471153846153846 0.026442307692307692 0.09254807692307693
2 0.5480769230769231 0.22235576923076922 0.030048076923076924 0.08653846153846154
2 0.7584134615384616 0.359375 0.03245192307692308 0.10336538461538461
2 0.7019230769230769 0.35096153846153844 0.03125 0.0985576923076923
2 0.6814903846153846 0.3918269230769231 0.03125 0.0985576923076923
2 0.5 0.3004807692307692 0.025240384615384616 0.0733173076923077
2 0.49399038461538464 0.3173076923076923 0.025240384615384616 0.09014423076923077
2 0.49399038461538464 0.3870192307692308 0.03125 0.0829326923076923
2 0.5048076923076923 0.4495192307692308 0.03125 0.07932692307692307
2 0.4519230769230769 0.40024038461538464 0.03245192307692308 0.057692307692307696
2 0.41586538461538464 0.36899038461538464 0.025240384615384616 0.07211538461538461
2 0.40625 0.41346153846153844 0.027644230769230768 0.07692307692307693
2 0.4254807692307692 0.4338942307692308 0.020432692307692308 0.08774038461538461
3 0.47596153846153844 0.4567307692307692 0.025240384615384616 0.08653846153846154
2 0.4206730769230769 0.4675480769230769 0.020432692307692308 0.0733173076923077
2 0.5709134615384616 0.4879807692307692 0.030048076923076924 0.09735576923076923
2 0.39663461538461536 0.515625 0.03245192307692308 0.09735576923076923
2 0.42427884615384615 0.5516826923076923 0.038461538461538464 0.09975961538461539
2 0.39663461538461536 0.6057692307692307 0.051682692307692304 0.1045673076923077
2 0.5973557692307693 0.5637019230769231 0.04807692307692308 0.1141826923076923
0 0.5805288461538461 0.5360576923076923 0.014423076923076924 0.021634615384615384
2 0.6935096153846154 0.5637019230769231 0.03485576923076923 0.0985576923076923
2 0.6105769230769231 0.6298076923076923 0.042067307692307696 0.109375
2 0.7463942307692307 0.6899038461538461 0.046875 0.1201923076923077
2 0.6850961538461539 0.8088942307692307 0.04807692307692308 0.1346153846153846
1 0.6826923076923077 0.7692307692307693 0.009615384615384616 0.014423076923076924
1 0.6045673076923077 0.5949519230769231 0.009615384615384616 0.009615384615384616
2 0.32091346153846156 0.6959134615384616 0.051682692307692304 0.10817307692307693
2 0.33413461538461536 0.9711538461538461 0.04326923076923077 0.057692307692307696
1 0.33653846153846156 0.9891826923076923 0.009615384615384616 0.019230769230769232
2 0.11057692307692307 0.38221153846153844 0.052884615384615384 0.1045673076923077