3 0.6382211538461539 0.19471153846153846 0.026442307692307692 0.05048076923076923
2 0.39903846153846156 0.2548076923076923 0.02403846153846154 0.0625
2 0.7283653846153846 0.3161057692307692 0.02403846153846154 0.0673076923076923
2 0.6310096153846154 0.3713942307692308 0.025240384615384616 0.0829326923076923
2 0.6706730769230769 0.40384615384615385 0.025240384615384616 0.0733173076923077
2 0.9182692307692307 0.4567307692307692 0.026442307692307692 0.07932692307692307
3 0.9735576923076923 0.4699519230769231 0.03125 0.07451923076923077
2 0.7980769230769231 0.48197115384615385 0.02403846153846154 0.0829326923076923
2 0.7788461538461539 0.4963942307692308 0.026442307692307692 0.07692307692307693
2 0.7920673076923077 0.5216346153846154 0.027644230769230768 0.07692307692307693
2 0.6742788461538461 0.5024038461538461 0.030048076923076924 0.08653846153846154
2 0.7427884615384616 0.5528846153846154 0.03245192307692308 0.09254807692307693
2 0.6742788461538461 0.5925480769230769 0.036057692307692304 0.09495192307692307
2 0.7403846153846154 0.6574519230769231 0.03245192307692308 0.09014423076923077
2 0.578125 0.7644230769230769 0.04326923076923077 0.09735576923076923
3 0.4266826923076923 0.8737980769230769 0.037259615384615384 0.14903846153846154
2 0.19471153846153846 0.6033653846153846 0.027644230769230768 0.10096153846153846
2 0.18028846153846154 0.27524038461538464 0.026442307692307692 0.06129807692307692
0 0.10576923076923077 0.546875 0.019230769230769232 0.03485576923076923