2 0.8112980769230769 0.2091346153846154 0.109375 0.3870192307692308
2 0.7487980769230769 0.13701923076923078 0.08774038461538461 0.27163461538461536
2 0.6514423076923077 0.5204326923076923 0.125 0.33774038461538464
2 0.5745192307692307 0.5420673076923077 0.16346153846153846 0.3004807692307692
1 0.5540865384615384 0.4423076923076923 0.02403846153846154 0.03485576923076923
2 0.6105769230769231 0.7800480769230769 0.12860576923076922 0.4254807692307692
1 0.5973557692307693 0.6983173076923077 0.021634615384615384 0.056490384615384616
2 0.7548076923076923 0.9266826923076923 0.11538461538461539 0.1466346153846154
1 0.7584134615384616 0.9855769230769231 0.02403846153846154 0.027644230769230768
2 0.4699519230769231 0.7055288461538461 0.1201923076923077 0.4387019230769231
1 0.4651442307692308 0.5985576923076923 0.02403846153846154 0.05048076923076923
2 0.30649038461538464 0.4795673076923077 0.12139423076923077 0.4182692307692308
2 0.5132211538461539 0.5829326923076923 0.15504807692307693 0.16826923076923078
2 0.39663461538461536 0.6153846153846154 0.1466346153846154 0.13221153846153846
2 0.16706730769230768 0.2956730769230769 0.07451923076923077 0.34975961538461536
2 0.15985576923076922 0.3485576923076923 0.0829326923076923 0.3713942307692308
2 0.23798076923076922 0.40384615384615385 0.10096153846153846 0.3641826923076923
1 0.22716346153846154 0.3269230769230769 0.016826923076923076 0.03245192307692308
1 0.27884615384615385 0.3713942307692308 0.016826923076923076 0.040865384615384616
3 0.39903846153846156 0.22956730769230768 0.0985576923076923 0.3713942307692308