2 0.8425480769230769 0.14903846153846154 0.09375 0.2956730769230769
2 0.9651442307692307 0.16346153846153846 0.06971153846153846 0.31850961538461536
2 0.5769230769230769 0.09254807692307693 0.09014423076923077 0.1814903846153846
2 0.5925480769230769 0.12860576923076922 0.07932692307692307 0.2548076923076923
2 0.3918269230769231 0.25721153846153844 0.125 0.43028846153846156
3 0.7259615384615384 0.49038461538461536 0.12620192307692307 0.3713942307692308
2 0.6009615384615384 0.5733173076923077 0.12139423076923077 0.3088942307692308
2 0.5 0.5985576923076923 0.17548076923076922 0.23798076923076922
2 0.47596153846153844 0.6790865384615384 0.1814903846153846 0.21995192307692307
1 0.4675480769230769 0.49278846153846156 0.03125 0.042067307692307696
2 0.38341346153846156 0.609375 0.15144230769230768 0.1814903846153846
2 0.3112980769230769 0.47716346153846156 0.09014423076923077 0.3485576923076923
2 0.35336538461538464 0.5444711538461539 0.08413461538461539 0.3762019230769231
2 0.24278846153846154 0.5745192307692307 0.15504807692307693 0.39663461538461536
2 0.046875 0.6598557692307693 0.09014423076923077 0.4050480769230769