2 0.5793269230769231 0.06129807692307692 0.06610576923076923 0.1201923076923077
2 0.5252403846153846 0.109375 0.051682692307692304 0.21514423076923078
2 0.4831730769230769 0.15264423076923078 0.09375 0.296875
2 0.39302884615384615 0.28365384615384615 0.09495192307692307 0.21995192307692307
2 0.3293269230769231 0.3762019230769231 0.0985576923076923 0.20793269230769232
2 0.30288461538461536 0.4362980769230769 0.09735576923076923 0.21754807692307693
2 0.30408653846153844 0.5408653846153846 0.08653846153846154 0.2860576923076923
2 0.13942307692307693 0.6045673076923077 0.08774038461538461 0.35336538461538464
1 0.1310096153846154 0.5384615384615384 0.020432692307692308 0.04567307692307692
2 0.4362980769230769 0.5877403846153846 0.13942307692307693 0.18389423076923078
2 0.4543269230769231 0.5492788461538461 0.09375 0.13581730769230768
2 0.38461538461538464 0.48197115384615385 0.0733173076923077 0.09495192307692307
2 0.34134615384615385 0.5360576923076923 0.038461538461538464 0.1935096153846154
2 0.49399038461538464 0.5096153846153846 0.11778846153846154 0.2283653846153846
1 0.5120192307692307 0.4254807692307692 0.016826923076923076 0.027644230769230768
2 0.9423076923076923 0.25961538461538464 0.08173076923076923 0.2956730769230769
2 0.8269230769230769 0.36778846153846156 0.09975961538461539 0.3076923076923077
2 0.7091346153846154 0.39302884615384615 0.10336538461538461 0.2800480769230769
2 0.6358173076923077 0.47836538461538464 0.11899038461538461 0.29086538461538464
3 0.6802884615384616 0.5168269230769231 0.09975961538461539 0.3112980769230769
1 0.640625 0.38221153846153844 0.015625 0.030048076923076924
1 0.40865384615384615 0.5096153846153846 0.020432692307692308 0.020432692307692308