2 0.6935096153846154 0.5120192307692307 0.027644230769230768 0.06370192307692307
2 0.7103365384615384 0.8413461538461539 0.03245192307692308 0.08653846153846154
2 0.3762019230769231 0.5144230769230769 0.02403846153846154 0.055288461538461536
2 0.421875 0.5396634615384616 0.03485576923076923 0.06370192307692307
2 0.22115384615384615 0.5252403846153846 0.02403846153846154 0.05889423076923077
2 0.2439903846153846 0.5721153846153846 0.025240384615384616 0.06129807692307692
2 0.33052884615384615 0.5865384615384616 0.03245192307692308 0.06971153846153846
2 0.3485576923076923 0.5793269230769231 0.01201923076923077 0.036057692307692304
2 0.3449519230769231 0.5865384615384616 0.019230769230769232 0.03245192307692308
2 0.3389423076923077 0.6129807692307693 0.015625 0.0625
2 0.2980769230769231 0.5997596153846154 0.019230769230769232 0.057692307692307696
2 0.2956730769230769 0.6634615384615384 0.014423076923076924 0.055288461538461536
2 0.33774038461538464 0.6947115384615384 0.019230769230769232 0.06129807692307692
2 0.31490384615384615 0.6838942307692307 0.016826923076923076 0.05889423076923077
2 0.36658653846153844 0.7596153846153846 0.026442307692307692 0.0829326923076923
2 0.30649038461538464 0.7175480769230769 0.025240384615384616 0.06971153846153846
2 0.27884615384615385 0.7247596153846154 0.02403846153846154 0.06370192307692307
2 0.2512019230769231 0.7379807692307693 0.038461538461538464 0.07932692307692307
2 0.36538461538461536 0.8966346153846154 0.04326923076923077 0.08653846153846154
2 0.23677884615384615 0.6165865384615384 0.02403846153846154 0.04567307692307692
2 0.23076923076923078 0.6538461538461539 0.020432692307692308 0.04567307692307692
2 0.19471153846153846 0.7127403846153846 0.03125 0.06370192307692307
2 0.21153846153846154 0.7572115384615384 0.037259615384615384 0.08774038461538461
2 0.16947115384615385 0.7512019230769231 0.02403846153846154 0.0733173076923077
2 0.15504807692307693 0.7704326923076923 0.021634615384615384 0.07211538461538461
2 0.12860576923076922 0.828125 0.036057692307692304 0.078125
2 0.11899038461538461 0.7596153846153846 0.021634615384615384 0.055288461538461536
2 0.078125 0.7680288461538461 0.03485576923076923 0.0829326923076923
2 0.06009615384615385 0.671875 0.026442307692307692 0.07451923076923077
2 0.020432692307692308 0.6153846153846154 0.021634615384615384 0.056490384615384616