2 0.5012019230769231 0.3076923076923077 0.11057692307692307 0.3870192307692308
2 0.6105769230769231 0.5264423076923077 0.0985576923076923 0.31850961538461536
1 0.6262019230769231 0.4411057692307692 0.014423076923076924 0.03485576923076923
3 0.6574519230769231 0.6826923076923077 0.109375 0.40024038461538464
2 0.8653846153846154 0.8737980769230769 0.11538461538461539 0.24519230769230768
1 0.8677884615384616 0.8737980769230769 0.026442307692307692 0.056490384615384616
2 0.3425480769230769 0.2980769230769231 0.09495192307692307 0.2956730769230769
2 0.4543269230769231 0.5552884615384616 0.14423076923076922 0.3016826923076923
1 0.4375 0.4423076923076923 0.03485576923076923 0.037259615384615384
2 0.36538461538461536 0.5564903846153846 0.17668269230769232 0.12860576923076922
0 0.5036057692307693 0.6394230769230769 0.051682692307692304 0.037259615384615384
2 0.2536057692307692 0.5853365384615384 0.15264423076923078 0.3954326923076923
1 0.2439903846153846 0.5096153846153846 0.036057692307692304 0.05889423076923077
2 0.08173076923076923 0.34375 0.140625 0.36538461538461536
2 0.0829326923076923 0.7752403846153846 0.125 0.4423076923076923
1 0.051682692307692304 0.6802884615384616 0.03125 0.0673076923076923
3 0.7956730769230769 0.0829326923076923 0.0889423076923077 0.15985576923076922