2 0.8112980769230769 0.5552884615384616 0.09254807692307693 0.4254807692307692
1 0.8185096153846154 0.4362980769230769 0.020432692307692308 0.04326923076923077
3 0.7355769230769231 0.5877403846153846 0.09375 0.4170673076923077
2 0.8052884615384616 0.8088942307692307 0.09975961538461539 0.38221153846153844
1 0.8088942307692307 0.7259615384615384 0.009615384615384616 0.055288461538461536
2 0.6370192307692307 0.796875 0.0985576923076923 0.40024038461538464
1 0.6574519230769231 0.7115384615384616 0.03125 0.056490384615384616
2 0.5276442307692307 0.7800480769230769 0.09735576923076923 0.40024038461538464
1 0.5324519230769231 0.6586538461538461 0.03245192307692308 0.038461538461538464
2 0.5096153846153846 0.5673076923076923 0.171875 0.27524038461538464
1 0.5240384615384616 0.4675480769230769 0.026442307692307692 0.025240384615384616
2 0.41225961538461536 0.6322115384615384 0.1814903846153846 0.14423076923076922
1 0.3737980769230769 0.5685096153846154 0.03485576923076923 0.01201923076923077
2 0.38221153846153844 0.6862980769230769 0.13701923076923078 0.15625
1 0.4074519230769231 0.6947115384615384 0.025240384615384616 0.027644230769230768
2 0.35336538461538464 0.5012019230769231 0.1141826923076923 0.14423076923076922
2 0.052884615384615384 0.1778846153846154 0.09014423076923077 0.34975961538461536
2 0.06971153846153846 0.3004807692307692 0.125 0.4375
1 0.03485576923076923 0.20072115384615385 0.021634615384615384 0.04807692307692308
2 0.19591346153846154 0.43990384615384615 0.13221153846153846 0.4230769230769231
1 0.17427884615384615 0.359375 0.030048076923076924 0.06610576923076923
2 0.2776442307692308 0.6045673076923077 0.11057692307692307 0.42788461538461536
1 0.25721153846153844 0.5144230769230769 0.04326923076923077 0.05889423076923077
2 0.33653846153846156 0.7608173076923077 0.12139423076923077 0.45913461538461536
1 0.31971153846153844 0.6490384615384616 0.03485576923076923 0.06850961538461539