2 0.08774038461538461 0.1346153846153846 0.140625 0.265625
2 0.35216346153846156 0.2932692307692308 0.18269230769230768 0.3125
1 0.31850961538461536 0.17548076923076922 0.046875 0.057692307692307696
2 0.32091346153846156 0.4411057692307692 0.22956730769230768 0.1658653846153846
2 0.5 0.24759615384615385 0.1466346153846154 0.3137019230769231
2 0.45072115384615385 0.5997596153846154 0.1141826923076923 0.5240384615384616
2 0.7379807692307693 0.26802884615384615 0.1141826923076923 0.4855769230769231
2 0.6778846153846154 0.3401442307692308 0.18870192307692307 0.39903846153846156
2 0.49278846153846156 0.5072115384615384 0.0985576923076923 0.5168269230769231
3 0.5528846153846154 0.5336538461538461 0.10576923076923077 0.4543269230769231
2 0.6826923076923077 0.6814903846153846 0.25 0.20192307692307693
2 0.6923076923076923 0.5793269230769231 0.1935096153846154 0.3112980769230769
1 0.7007211538461539 0.4723557692307692 0.042067307692307696 0.025240384615384616
0 0.6057692307692307 0.6213942307692307 0.04326923076923077 0.05048076923076923
2 0.625 0.8040865384615384 0.171875 0.3918269230769231
1 0.6237980769230769 0.7572115384615384 0.04567307692307692 0.052884615384615384
2 0.8846153846153846 0.43509615384615385 0.1502403846153846 0.5012019230769231