2 0.8076923076923077 0.8052884615384616 0.05048076923076923 0.10576923076923077
2 0.7199519230769231 0.5360576923076923 0.036057692307692304 0.07451923076923077
0 0.7211538461538461 0.5084134615384616 0.007211538461538462 0.014423076923076924
2 0.43149038461538464 0.6382211538461539 0.03125 0.0829326923076923
3 0.09495192307692307 0.25240384615384615 0.019230769230769232 0.04807692307692308
2 0.11778846153846154 0.39903846153846156 0.02403846153846154 0.07451923076923077
2 0.2548076923076923 0.3918269230769231 0.027644230769230768 0.06610576923076923
2 0.09134615384615384 0.4338942307692308 0.030048076923076924 0.0733173076923077
2 0.25841346153846156 0.44471153846153844 0.030048076923076924 0.0733173076923077
2 0.36658653846153844 0.4831730769230769 0.036057692307692304 0.07211538461538461
2 0.23076923076923078 0.49038461538461536 0.020432692307692308 0.0733173076923077
2 0.1310096153846154 0.44350961538461536 0.026442307692307692 0.0625
2 0.14182692307692307 0.4807692307692308 0.02403846153846154 0.08173076923076923
2 0.021634615384615384 0.5144230769230769 0.038461538461538464 0.0829326923076923
2 0.04807692307692308 0.5408653846153846 0.03125 0.0829326923076923
2 0.18990384615384615 0.5144230769230769 0.030048076923076924 0.07211538461538461
2 0.19110576923076922 0.5697115384615384 0.026442307692307692 0.0733173076923077
2 0.10336538461538461 0.4831730769230769 0.030048076923076924 0.0733173076923077
3 0.12860576923076922 0.6526442307692307 0.03485576923076923 0.08774038461538461
2 0.23918269230769232 0.7427884615384616 0.037259615384615384 0.09975961538461539
3 0.21634615384615385 0.8858173076923077 0.030048076923076924 0.08173076923076923