2 0.06370192307692307 0.23317307692307693 0.08774038461538461 0.3004807692307692
2 0.30649038461538464 0.36177884615384615 0.10096153846153846 0.3425480769230769
2 0.2608173076923077 0.4230769230769231 0.09375 0.31850961538461536
2 0.5973557692307693 0.5060096153846154 0.09495192307692307 0.19230769230769232
2 0.5204326923076923 0.5 0.11298076923076923 0.1971153846153846
0 0.5721153846153846 0.5697115384615384 0.03125 0.036057692307692304
2 0.49278846153846156 0.5564903846153846 0.16826923076923078 0.125
2 0.4951923076923077 0.4831730769230769 0.109375 0.33774038461538464
2 0.47475961538461536 0.5925480769230769 0.10336538461538461 0.2644230769230769
2 0.3581730769230769 0.5997596153846154 0.10096153846153846 0.25961538461538464
1 0.4519230769230769 0.5733173076923077 0.015625 0.052884615384615384
1 0.3449519230769231 0.5817307692307693 0.02403846153846154 0.046875
1 0.4723557692307692 0.40024038461538464 0.026442307692307692 0.042067307692307696
1 0.5913461538461539 0.4254807692307692 0.026442307692307692 0.02403846153846154
2 0.7331730769230769 0.9326923076923077 0.11778846153846154 0.1346153846153846
3 0.35096153846153844 0.20192307692307693 0.1045673076923077 0.3173076923076923
2 0.9302884615384616 0.1935096153846154 0.10576923076923077 0.3173076923076923
2 0.8100961538461539 0.14182692307692307 0.11057692307692307 0.28125