2 0.1502403846153846 0.3557692307692308 0.12860576923076922 0.5264423076923077
2 0.078125 0.49038461538461536 0.13701923076923078 0.578125
1 0.06129807692307692 0.37740384615384615 0.03125 0.07932692307692307
2 0.6213942307692307 0.38100961538461536 0.12860576923076922 0.5949519230769231
2 0.4579326923076923 0.38341346153846156 0.12860576923076922 0.5324519230769231
2 0.3389423076923077 0.20673076923076922 0.125 0.2800480769230769
2 0.31971153846153844 0.43149038461538464 0.13221153846153846 0.546875
3 0.38221153846153844 0.5456730769230769 0.11298076923076923 0.5120192307692307
2 0.5012019230769231 0.49278846153846156 0.08774038461538461 0.4375
2 0.5745192307692307 0.3293269230769231 0.09375 0.16105769230769232
2 0.5877403846153846 0.6466346153846154 0.1466346153846154 0.5769230769230769
2 0.3629807692307692 0.6850961538461539 0.14543269230769232 0.5264423076923077
1 0.3557692307692308 0.5721153846153846 0.03245192307692308 0.0673076923076923
2 0.7307692307692307 0.7415865384615384 0.14423076923076922 0.5168269230769231
1 0.7211538461538461 0.6442307692307693 0.036057692307692304 0.0673076923076923
2 0.8822115384615384 0.7199519230769231 0.10336538461538461 0.5588942307692307
2 0.921875 0.78125 0.1502403846153846 0.4375
1 0.9182692307692307 0.7055288461538461 0.03485576923076923 0.07692307692307693
1 0.6286057692307693 0.24278846153846154 0.046875 0.06971153846153846