2 0.5625 0.53125 0.1466346153846154 0.19951923076923078
2 0.5564903846153846 0.5516826923076923 0.13221153846153846 0.2091346153846154
2 0.5625 0.5673076923076923 0.140625 0.234375
2 0.4495192307692308 0.5360576923076923 0.09375 0.171875
2 0.44471153846153844 0.5913461538461539 0.11057692307692307 0.19831730769230768
3 0.5 0.5745192307692307 0.07211538461538461 0.2860576923076923
2 0.609375 0.6153846153846154 0.06850961538461539 0.2824519230769231
2 0.6742788461538461 0.46634615384615385 0.04807692307692308 0.2800480769230769
2 0.6622596153846154 0.4807692307692308 0.0625 0.2824519230769231
2 0.6658653846153846 0.5120192307692307 0.06971153846153846 0.30528846153846156
2 0.6838942307692307 0.5408653846153846 0.051682692307692304 0.30649038461538464
2 0.7223557692307693 0.5192307692307693 0.07451923076923077 0.2920673076923077
2 0.3317307692307692 0.4495192307692308 0.08173076923076923 0.2980769230769231
2 0.3269230769230769 0.5480769230769231 0.11899038461538461 0.18028846153846154
2 0.31850961538461536 0.5685096153846154 0.1201923076923077 0.20432692307692307
2 0.38221153846153844 0.6213942307692307 0.11899038461538461 0.1622596153846154
2 0.21995192307692307 0.5144230769230769 0.06129807692307692 0.328125
2 0.0985576923076923 0.7247596153846154 0.10336538461538461 0.3004807692307692
3 0.4495192307692308 0.14302884615384615 0.05048076923076923 0.2548076923076923
1 0.6057692307692307 0.5516826923076923 0.015625 0.03125
0 0.6225961538461539 0.5793269230769231 0.016826923076923076 0.03485576923076923