2 0.7764423076923077 0.6322115384615384 0.05048076923076923 0.1310096153846154
1 0.7800480769230769 0.6021634615384616 0.009615384615384616 0.014423076923076924
2 0.5408653846153846 0.3954326923076923 0.03125 0.10336538461538461
2 0.46274038461538464 0.3858173076923077 0.036057692307692304 0.09735576923076923
2 0.4723557692307692 0.42908653846153844 0.025240384615384616 0.10096153846153846
2 0.5060096153846154 0.46033653846153844 0.037259615384615384 0.0985576923076923
2 0.5865384615384616 0.4831730769230769 0.037259615384615384 0.10096153846153846
2 0.4483173076923077 0.5216346153846154 0.052884615384615384 0.10576923076923077
2 0.6550480769230769 0.5865384615384616 0.037259615384615384 0.11538461538461539
2 0.5829326923076923 0.5997596153846154 0.040865384615384616 0.11899038461538461
1 0.6574519230769231 0.5637019230769231 0.007211538461538462 0.014423076923076924
2 0.6730769230769231 0.6466346153846154 0.037259615384615384 0.12379807692307693
2 0.7091346153846154 0.7896634615384616 0.05048076923076923 0.13942307692307693
1 0.7115384615384616 0.7560096153846154 0.007211538461538462 0.016826923076923076
2 0.4074519230769231 0.8293269230769231 0.038461538461538464 0.14543269230769232
2 0.4254807692307692 0.625 0.03125 0.078125
0 0.4182692307692308 0.6237980769230769 0.010817307692307692 0.01201923076923077
2 0.4254807692307692 0.625 0.03125 0.078125
2 0.3786057692307692 0.6778846153846154 0.03125 0.125
2 0.39663461538461536 0.6274038461538461 0.03245192307692308 0.07932692307692307
2 0.34975961538461536 0.6334134615384616 0.027644230769230768 0.09495192307692307
3 0.3786057692307692 0.5564903846153846 0.030048076923076924 0.078125
2 0.3449519230769231 0.40384615384615385 0.04567307692307692 0.09495192307692307
2 0.24879807692307693 0.44711538461538464 0.037259615384615384 0.10096153846153846
2 0.2776442307692308 0.49278846153846156 0.03245192307692308 0.11778846153846154
2 0.2932692307692308 0.546875 0.026442307692307692 0.09975961538461539
2 0.3173076923076923 0.5769230769230769 0.03125 0.11778846153846154
2 0.33653846153846156 0.8028846153846154 0.052884615384615384 0.13221153846153846
2 0.18870192307692307 0.36658653846153844 0.04326923076923077 0.0985576923076923
2 0.03365384615384615 0.3245192307692308 0.038461538461538464 0.09495192307692307
3 0.14903846153846154 0.19591346153846154 0.03485576923076923 0.0829326923076923