2 0.5252403846153846 0.6213942307692307 0.014423076923076924 0.06129807692307692
2 0.5612980769230769 0.7415865384615384 0.014423076923076924 0.0733173076923077
2 0.5600961538461539 0.7596153846153846 0.016826923076923076 0.07211538461538461
2 0.5372596153846154 0.7716346153846154 0.03125 0.07451923076923077
2 0.49399038461538464 0.7596153846153846 0.026442307692307692 0.0733173076923077
2 0.4675480769230769 0.7884615384615384 0.025240384615384616 0.0733173076923077
2 0.47475961538461536 0.8064903846153846 0.019230769230769232 0.06971153846153846
2 0.4495192307692308 0.8461538461538461 0.030048076923076924 0.0889423076923077
2 0.4483173076923077 0.828125 0.009615384615384616 0.015625
2 0.4098557692307692 0.8413461538461539 0.016826923076923076 0.06370192307692307
2 0.4110576923076923 0.8810096153846154 0.01201923076923077 0.08653846153846154
2 0.3954326923076923 0.8786057692307693 0.021634615384615384 0.07451923076923077
2 0.38100961538461536 0.9170673076923077 0.021634615384615384 0.08413461538461539
2 0.26322115384615385 0.8677884615384616 0.036057692307692304 0.09014423076923077
2 0.13942307692307693 0.7620192307692307 0.030048076923076924 0.07211538461538461
3 0.18629807692307693 0.7692307692307693 0.030048076923076924 0.06971153846153846
3 0.21153846153846154 0.7872596153846154 0.026442307692307692 0.07451923076923077
2 0.7091346153846154 0.8737980769230769 0.042067307692307696 0.04567307692307692
0 0.703125 0.8810096153846154 0.009615384615384616 0.010817307692307692
2 0.9110576923076923 0.7956730769230769 0.025240384615384616 0.08173076923076923
3 0.8377403846153846 0.8846153846153846 0.016826923076923076 0.078125
2 0.8497596153846154 0.8930288461538461 0.019230769230769232 0.06370192307692307
2 0.8293269230769231 0.8942307692307693 0.027644230769230768 0.08173076923076923
2 0.8245192307692307 0.9134615384615384 0.027644230769230768 0.08774038461538461
2 0.8810096153846154 0.9362980769230769 0.025240384615384616 0.09254807692307693
2 0.9326923076923077 0.8329326923076923 0.025240384615384616 0.078125
2 0.9831730769230769 0.8413461538461539 0.021634615384615384 0.07932692307692307
2 0.9699519230769231 0.9423076923076923 0.03485576923076923 0.09375
2 0.7391826923076923 0.9567307692307693 0.03485576923076923 0.08653846153846154
1 0.7391826923076923 0.9423076923076923 0.009615384615384616 0.01201923076923077
2 0.7896634615384616 0.953125 0.03125 0.09375
1 0.7896634615384616 0.9399038461538461 0.007211538461538462 0.014423076923076924
2 0.8473557692307693 0.9711538461538461 0.036057692307692304 0.057692307692307696
2 0.28966346153846156 0.9819711538461539 0.02403846153846154 0.036057692307692304