2 0.5961538461538461 0.5 0.14903846153846154 0.234375
0 0.5348557692307693 0.42908653846153844 0.02403846153846154 0.04567307692307692
2 0.15144230769230768 0.4567307692307692 0.11899038461538461 0.28846153846153844
2 0.5036057692307693 0.5216346153846154 0.12139423076923077 0.2247596153846154
1 0.4879807692307692 0.4387019230769231 0.03485576923076923 0.03125
2 0.7403846153846154 0.7355769230769231 0.1045673076923077 0.3329326923076923
1 0.7247596153846154 0.6622596153846154 0.036057692307692304 0.046875
2 0.6141826923076923 0.6971153846153846 0.10576923076923077 0.35096153846153844
1 0.6165865384615384 0.6117788461538461 0.030048076923076924 0.03245192307692308
2 0.5384615384615384 0.8052884615384616 0.07932692307692307 0.36778846153846156
1 0.5252403846153846 0.7247596153846154 0.027644230769230768 0.04567307692307692
2 0.6322115384615384 0.8569711538461539 0.14423076923076922 0.16706730769230768
1 0.671875 0.8473557692307693 0.025240384615384616 0.051682692307692304
2 0.4483173076923077 0.6286057692307693 0.12139423076923077 0.2668269230769231
1 0.4254807692307692 0.5901442307692307 0.027644230769230768 0.057692307692307696
2 0.3425480769230769 0.7319711538461539 0.10096153846153846 0.3894230769230769
1 0.34975961538461536 0.6574519230769231 0.026442307692307692 0.0673076923076923
2 0.24639423076923078 0.8257211538461539 0.0985576923076923 0.3485576923076923
1 0.25961538461538464 0.78125 0.021634615384615384 0.05889423076923077
2 0.13221153846153846 0.7596153846153846 0.09975961538461539 0.41346153846153844
2 0.036057692307692304 0.5925480769230769 0.06850961538461539 0.3605769230769231
1 0.1310096153846154 0.6754807692307693 0.03125 0.055288461538461536
1 0.016826923076923076 0.5240384615384616 0.03125 0.055288461538461536
2 0.4699519230769231 0.8317307692307693 0.1346153846153846 0.203125
1 0.4639423076923077 0.7716346153846154 0.037259615384615384 0.03485576923076923
3 0.5420673076923077 0.8629807692307693 0.09014423076923077 0.23557692307692307