2 0.3088942307692308 0.6322115384615384 0.2644230769230769 0.7355769230769231
1 0.24639423076923078 0.4723557692307692 0.057692307692307696 0.08774038461538461
2 0.1502403846153846 0.49399038461538464 0.055288461538461536 0.1778846153846154
2 0.038461538461538464 0.4963942307692308 0.057692307692307696 0.1935096153846154
2 0.5168269230769231 0.49278846153846156 0.036057692307692304 0.140625
2 0.5757211538461539 0.5 0.04567307692307692 0.1935096153846154
1 0.5192307692307693 0.46875 0.01201923076923077 0.025240384615384616
1 0.5745192307692307 0.4543269230769231 0.01201923076923077 0.027644230769230768
2 0.5985576923076923 0.4807692307692308 0.03485576923076923 0.20432692307692307
2 0.6574519230769231 0.5480769230769231 0.052884615384615384 0.10817307692307693
1 0.65625 0.5168269230769231 0.009615384615384616 0.02403846153846154
2 0.6418269230769231 0.4675480769230769 0.03485576923076923 0.12860576923076922
1 0.6370192307692307 0.45552884615384615 0.015625 0.026442307692307692
2 0.7932692307692307 0.47836538461538464 0.038461538461538464 0.17067307692307693
2 0.6766826923076923 0.49278846153846156 0.03485576923076923 0.15745192307692307
2 0.6189903846153846 0.48677884615384615 0.014423076923076924 0.15504807692307693