2 0.8473557692307693 0.109375 0.0829326923076923 0.21514423076923078
2 0.6971153846153846 0.16466346153846154 0.08413461538461539 0.31971153846153844
2 0.5841346153846154 0.13581730769230768 0.09735576923076923 0.2620192307692308
2 0.5973557692307693 0.1778846153846154 0.0985576923076923 0.3329326923076923
3 0.5300480769230769 0.4567307692307692 0.07451923076923077 0.33413461538461536
2 0.5072115384615384 0.5456730769230769 0.09735576923076923 0.2247596153846154
2 0.421875 0.5564903846153846 0.09735576923076923 0.22235576923076922
2 0.030048076923076924 0.14182692307692307 0.057692307692307696 0.28125
2 0.09495192307692307 0.2668269230769231 0.0829326923076923 0.30649038461538464
2 0.16706730769230768 0.4050480769230769 0.09375 0.3605769230769231
2 0.11057692307692307 0.5877403846153846 0.06971153846153846 0.3701923076923077
2 0.15144230769230768 0.6490384615384616 0.078125 0.3858173076923077
2 0.22355769230769232 0.7151442307692307 0.08774038461538461 0.36538461538461536
1 0.20072115384615385 0.6334134615384616 0.02403846153846154 0.04567307692307692
2 0.3161057692307692 0.5745192307692307 0.15264423076923078 0.25
1 0.29086538461538464 0.5096153846153846 0.026442307692307692 0.03485576923076923
2 0.3557692307692308 0.5949519230769231 0.1045673076923077 0.1935096153846154
2 0.3269230769230769 0.6490384615384616 0.1310096153846154 0.10336538461538461
2 0.421875 0.5564903846153846 0.09735576923076923 0.22235576923076922
0 0.33413461538461536 0.671875 0.027644230769230768 0.03485576923076923