2 0.8293269230769231 0.21754807692307693 0.08173076923076923 0.43149038461538464
2 0.8545673076923077 0.2668269230769231 0.09975961538461539 0.49278846153846156
1 0.8389423076923077 0.140625 0.03125 0.052884615384615384
3 0.39903846153846156 0.2920673076923077 0.1622596153846154 0.4254807692307692
2 0.4230769230769231 0.3942307692307692 0.14543269230769232 0.42788461538461536
2 0.5420673076923077 0.48197115384615385 0.09375 0.35096153846153844
2 0.6021634615384616 0.5528846153846154 0.11057692307692307 0.4423076923076923
2 0.6658653846153846 0.5649038461538461 0.14543269230769232 0.5793269230769231
2 0.36778846153846156 0.5865384615384616 0.14543269230769232 0.5865384615384616
2 0.36899038461538464 0.6682692307692307 0.16105769230769232 0.5576923076923077
2 0.4567307692307692 0.7247596153846154 0.140625 0.2536057692307692
1 0.38221153846153844 0.546875 0.03125 0.05889423076923077
1 0.5012019230769231 0.6971153846153846 0.037259615384615384 0.05889423076923077
2 0.1141826923076923 0.6935096153846154 0.1875 0.39903846153846156