2 0.5264423076923077 0.5036057692307693 0.05048076923076923 0.09014423076923077
1 0.5192307692307693 0.4855769230769231 0.010817307692307692 0.014423076923076924
0 0.5096153846153846 0.49038461538461536 0.009615384615384616 0.021634615384615384
2 0.8209134615384616 0.484375 0.03245192307692308 0.09735576923076923
1 0.8269230769230769 0.45913461538461536 0.007211538461538462 0.010817307692307692
2 0.7668269230769231 0.3762019230769231 0.037259615384615384 0.0829326923076923
2 0.5612980769230769 0.4170673076923077 0.051682692307692304 0.07451923076923077
2 0.4375 0.38221153846153844 0.037259615384615384 0.09014423076923077
1 0.4326923076923077 0.36177884615384615 0.006009615384615385 0.010817307692307692
2 0.4110576923076923 0.4495192307692308 0.03485576923076923 0.0889423076923077
1 0.4098557692307692 0.42788461538461536 0.006009615384615385 0.009615384615384616
2 0.3557692307692308 0.4098557692307692 0.027644230769230768 0.08774038461538461
2 0.33653846153846156 0.44350961538461536 0.037259615384615384 0.08774038461538461
2 0.23798076923076922 0.4855769230769231 0.03485576923076923 0.09495192307692307
2 0.2512019230769231 0.5180288461538461 0.027644230769230768 0.06971153846153846
3 0.24639423076923078 0.5649038461538461 0.046875 0.08653846153846154
2 0.18389423076923078 0.4567307692307692 0.037259615384615384 0.08653846153846154
2 0.1622596153846154 0.49759615384615385 0.026442307692307692 0.07932692307692307
1 0.15504807692307693 0.4807692307692308 0.004807692307692308 0.010817307692307692
2 0.13701923076923078 0.46634615384615385 0.026442307692307692 0.09495192307692307
2 0.109375 0.5024038461538461 0.03125 0.0829326923076923
2 0.038461538461538464 0.6310096153846154 0.026442307692307692 0.09254807692307693
2 0.013221153846153846 0.5096153846153846 0.02403846153846154 0.09254807692307693
2 0.016826923076923076 0.7872596153846154 0.030048076923076924 0.08653846153846154