3 0.6574519230769231 0.5420673076923077 0.021634615384615384 0.037259615384615384
2 0.5661057692307693 0.5889423076923077 0.02403846153846154 0.046875
2 0.6045673076923077 0.5841346153846154 0.021634615384615384 0.046875
2 0.546875 0.609375 0.021634615384615384 0.052884615384615384
2 0.5228365384615384 0.6526442307692307 0.030048076923076924 0.0625
2 0.49038461538461536 0.6466346153846154 0.025240384615384616 0.05889423076923077
2 0.46274038461538464 0.6947115384615384 0.021634615384615384 0.0625
2 0.6298076923076923 0.6310096153846154 0.019230769230769232 0.055288461538461536
2 0.6658653846153846 0.6334134615384616 0.015625 0.04807692307692308
2 0.6947115384615384 0.6574519230769231 0.026442307692307692 0.055288461538461536
2 0.6730769230769231 0.6742788461538461 0.010817307692307692 0.038461538461538464
3 0.6622596153846154 0.6778846153846154 0.014423076923076924 0.052884615384615384
2 0.7127403846153846 0.6995192307692307 0.016826923076923076 0.052884615384615384
2 0.5805288461538461 0.6370192307692307 0.020432692307692308 0.055288461538461536
2 0.5973557692307693 0.6454326923076923 0.016826923076923076 0.056490384615384616
2 0.6057692307692307 0.6887019230769231 0.020432692307692308 0.04567307692307692
2 0.5865384615384616 0.7175480769230769 0.026442307692307692 0.06610576923076923
2 0.6201923076923077 0.7235576923076923 0.025240384615384616 0.06850961538461539
2 0.6478365384615384 0.7067307692307693 0.026442307692307692 0.057692307692307696
2 0.6490384615384616 0.75 0.030048076923076924 0.06610576923076923
2 0.6850961538461539 0.8269230769230769 0.03245192307692308 0.07932692307692307
2 0.6826923076923077 0.7211538461538461 0.027644230769230768 0.04567307692307692
2 0.8653846153846154 0.7560096153846154 0.03125 0.06370192307692307
2 0.5673076923076923 0.9819711538461539 0.028846153846153848 0.036057692307692304
2 0.43149038461538464 0.7127403846153846 0.016826923076923076 0.056490384615384616
2 0.41346153846153844 0.7103365384615384 0.020432692307692308 0.057692307692307696
2 0.3737980769230769 0.7740384615384616 0.02403846153846154 0.0673076923076923
2 0.3581730769230769 0.8257211538461539 0.03485576923076923 0.06129807692307692
2 0.28846153846153844 0.7487980769230769 0.025240384615384616 0.052884615384615384
2 0.2692307692307692 0.6310096153846154 0.025240384615384616 0.056490384615384616