2 0.6622596153846154 0.36899038461538464 0.05048076923076923 0.08413461538461539
2 0.6622596153846154 0.45552884615384615 0.04326923076923077 0.09495192307692307
2 0.6105769230769231 0.47596153846153844 0.056490384615384616 0.09735576923076923
2 0.5612980769230769 0.47115384615384615 0.04326923076923077 0.1045673076923077
3 0.5721153846153846 0.5480769230769231 0.03485576923076923 0.09375
2 0.5180288461538461 0.5600961538461539 0.042067307692307696 0.0985576923076923
2 0.6502403846153846 0.6274038461538461 0.051682692307692304 0.10096153846153846
2 0.5961538461538461 0.6334134615384616 0.038461538461538464 0.10096153846153846
2 0.7752403846153846 0.6394230769230769 0.036057692307692304 0.11778846153846154
1 0.7752403846153846 0.6237980769230769 0.007211538461538462 0.019230769230769232
2 0.4651442307692308 0.703125 0.056490384615384616 0.109375
2 0.7596153846153846 0.8269230769230769 0.057692307692307696 0.140625
1 0.7536057692307693 0.796875 0.010817307692307692 0.015625
3 0.5504807692307693 0.29086538461538464 0.030048076923076924 0.0673076923076923
2 0.44711538461538464 0.34975961538461536 0.02403846153846154 0.08413461538461539
2 0.4495192307692308 0.40384615384615385 0.03125 0.06129807692307692
2 0.4831730769230769 0.5168269230769231 0.03485576923076923 0.11298076923076923
2 0.42788461538461536 0.4855769230769231 0.04567307692307692 0.09014423076923077
2 0.40024038461538464 0.5432692307692307 0.025240384615384616 0.07451923076923077
2 0.3858173076923077 0.5661057692307693 0.037259615384615384 0.10336538461538461
2 0.4362980769230769 0.6009615384615384 0.06129807692307692 0.036057692307692304
2 0.3269230769230769 0.6286057692307693 0.055288461538461536 0.11298076923076923
2 0.234375 0.7043269230769231 0.052884615384615384 0.125
2 0.1814903846153846 0.7872596153846154 0.04326923076923077 0.12620192307692307
2 0.17548076923076922 0.8533653846153846 0.04807692307692308 0.11899038461538461
1 0.17307692307692307 0.8257211538461539 0.010817307692307692 0.014423076923076924
1 0.1814903846153846 0.7620192307692307 0.009615384615384616 0.020432692307692308