2 0.6274038461538461 0.3713942307692308 0.1201923076923077 0.3641826923076923
2 0.7331730769230769 0.7716346153846154 0.1310096153846154 0.4230769230769231
2 0.3269230769230769 0.14543269230769232 0.11298076923076923 0.28725961538461536
1 0.7247596153846154 0.6778846153846154 0.03485576923076923 0.040865384615384616
2 0.15745192307692307 0.4963942307692308 0.07451923076923077 0.390625
2 0.20432692307692307 0.5528846153846154 0.23317307692307693 0.1346153846153846
2 0.3425480769230769 0.5216346153846154 0.11057692307692307 0.15264423076923078
2 0.46274038461538464 0.5168269230769231 0.09254807692307693 0.35336538461538464
2 0.5564903846153846 0.6334134615384616 0.11057692307692307 0.35096153846153844
0 0.5204326923076923 0.5721153846153846 0.03485576923076923 0.051682692307692304
2 0.35096153846153844 0.6622596153846154 0.09375 0.34375
2 0.23317307692307693 0.7307692307692307 0.09495192307692307 0.4050480769230769
2 0.41947115384615385 0.9507211538461539 0.06971153846153846 0.0985576923076923
3 0.037259615384615384 0.33774038461538464 0.0673076923076923 0.3473557692307692
1 0.22115384615384615 0.6382211538461539 0.02403846153846154 0.06129807692307692