2 0.5300480769230769 0.3762019230769231 0.019230769230769232 0.04567307692307692
2 0.5120192307692307 0.3918269230769231 0.02403846153846154 0.046875
2 0.6213942307692307 0.4579326923076923 0.036057692307692304 0.052884615384615384
2 0.5012019230769231 0.47115384615384615 0.027644230769230768 0.055288461538461536
2 0.6550480769230769 0.49399038461538464 0.025240384615384616 0.055288461538461536
2 0.7007211538461539 0.5168269230769231 0.03245192307692308 0.056490384615384616
2 0.7956730769230769 0.6274038461538461 0.025240384615384616 0.06370192307692307
2 0.703125 0.5841346153846154 0.025240384615384616 0.04807692307692308
3 0.671875 0.5817307692307693 0.021634615384615384 0.04807692307692308
2 0.5661057692307693 0.5036057692307693 0.027644230769230768 0.046875
2 0.5829326923076923 0.5528846153846154 0.021634615384615384 0.04807692307692308
2 0.9387019230769231 0.6899038461538461 0.021634615384615384 0.06370192307692307
2 0.7620192307692307 0.6778846153846154 0.025240384615384616 0.04567307692307692
2 0.7199519230769231 0.6466346153846154 0.026442307692307692 0.052884615384615384
2 0.6394230769230769 0.6526442307692307 0.027644230769230768 0.05048076923076923
2 0.6598557692307693 0.7067307692307693 0.03125 0.04807692307692308
2 0.7151442307692307 0.6959134615384616 0.021634615384615384 0.055288461538461536
2 0.7283653846153846 0.8088942307692307 0.025240384615384616 0.05889423076923077
2 0.6286057692307693 0.7403846153846154 0.025240384615384616 0.052884615384615384
2 0.8293269230769231 0.9278846153846154 0.03245192307692308 0.0673076923076923
2 0.4723557692307692 0.9158653846153846 0.030048076923076924 0.06129807692307692
2 0.4074519230769231 0.8365384615384616 0.025240384615384616 0.06370192307692307
2 0.5384615384615384 0.6911057692307693 0.030048076923076924 0.05889423076923077
2 0.4879807692307692 0.7127403846153846 0.02403846153846154 0.0625
2 0.44350961538461536 0.7475961538461539 0.021634615384615384 0.057692307692307696
2 0.4579326923076923 0.734375 0.021634615384615384 0.046875
2 0.5120192307692307 0.5721153846153846 0.026442307692307692 0.06129807692307692
2 0.44471153846153844 0.5949519230769231 0.02403846153846154 0.036057692307692304
0 0.44471153846153844 0.5697115384615384 0.01201923076923077 0.014423076923076924
2 0.2668269230769231 0.6358173076923077 0.030048076923076924 0.0625
3 0.5492788461538461 0.1778846153846154 0.036057692307692304 0.04326923076923077