2 0.7872596153846154 0.44591346153846156 0.1045673076923077 0.3605769230769231
2 0.9254807692307693 0.5661057692307693 0.10336538461538461 0.3894230769230769
1 0.7908653846153846 0.38341346153846156 0.03125 0.051682692307692304
1 0.9278846153846154 0.4831730769230769 0.036057692307692304 0.05048076923076923
2 0.9759615384615384 0.20673076923076922 0.04807692307692308 0.3076923076923077
2 0.34375 0.12379807692307693 0.12860576923076922 0.2439903846153846
2 0.3557692307692308 0.27283653846153844 0.125 0.3545673076923077
2 0.48677884615384615 0.5012019230769231 0.13581730769230768 0.375
1 0.4807692307692308 0.3894230769230769 0.020432692307692308 0.03245192307692308
2 0.4723557692307692 0.6298076923076923 0.11899038461538461 0.3401442307692308
1 0.4567307692307692 0.5552884615384616 0.026442307692307692 0.038461538461538464
3 0.44591346153846156 0.7355769230769231 0.12620192307692307 0.33653846153846156
2 0.1502403846153846 0.4735576923076923 0.09735576923076923 0.390625
1 0.14182692307692307 0.3737980769230769 0.02403846153846154 0.05889423076923077
2 0.18389423076923078 0.5324519230769231 0.11057692307692307 0.36899038461538464
1 0.1778846153846154 0.44711538461538464 0.021634615384615384 0.06129807692307692
2 0.0625 0.7259615384615384 0.11538461538461539 0.43149038461538464
1 0.04927884615384615 0.6430288461538461 0.036057692307692304 0.06971153846153846
2 0.328125 0.9194711538461539 0.09375 0.16105769230769232
1 0.3112980769230769 0.9338942307692307 0.025240384615384616 0.051682692307692304
2 0.38100961538461536 0.5396634615384616 0.1201923076923077 0.1201923076923077
2 0.5048076923076923 0.5649038461538461 0.1466346153846154 0.17307692307692307
2 0.3605769230769231 0.6069711538461539 0.17067307692307693 0.12620192307692307