3 0.40384615384615385 0.35697115384615385 0.02403846153846154 0.06129807692307692
2 0.38461538461538464 0.3557692307692308 0.016826923076923076 0.057692307692307696
2 0.35697115384615385 0.3605769230769231 0.020432692307692308 0.056490384615384616
3 0.3894230769230769 0.26322115384615385 0.021634615384615384 0.04807692307692308
2 0.5757211538461539 0.28846153846153844 0.02403846153846154 0.051682692307692304
2 0.5865384615384616 0.39903846153846156 0.02403846153846154 0.06610576923076923
2 0.43149038461538464 0.35336538461538464 0.021634615384615384 0.036057692307692304
2 0.4206730769230769 0.3605769230769231 0.036057692307692304 0.037259615384615384
2 0.3737980769230769 0.36538461538461536 0.02403846153846154 0.03125
2 0.6490384615384616 0.4326923076923077 0.021634615384615384 0.08173076923076923
2 0.7043269230769231 0.47475961538461536 0.03485576923076923 0.078125
2 0.8112980769230769 0.5540865384615384 0.036057692307692304 0.10096153846153846
2 0.9158653846153846 0.8942307692307693 0.056490384615384616 0.125
3 0.24158653846153846 0.9543269230769231 0.042067307692307696 0.09014423076923077
2 0.1502403846153846 0.6213942307692307 0.026442307692307692 0.08173076923076923
2 0.22596153846153846 0.5144230769230769 0.042067307692307696 0.0889423076923077
2 0.18389423076923078 0.46033653846153844 0.03245192307692308 0.0889423076923077
2 0.22596153846153846 0.4074519230769231 0.027644230769230768 0.07211538461538461