2 0.9014423076923077 0.2824519230769231 0.03485576923076923 0.07932692307692307
2 0.6947115384615384 0.4266826923076923 0.027644230769230768 0.09975961538461539
2 0.6213942307692307 0.4699519230769231 0.037259615384615384 0.11298076923076923
2 0.5444711538461539 0.5384615384615384 0.03245192307692308 0.11298076923076923
3 0.4338942307692308 0.5889423076923077 0.026442307692307692 0.09735576923076923
1 0.546875 0.5120192307692307 0.01201923076923077 0.01201923076923077
2 0.44471153846153844 0.6622596153846154 0.03245192307692308 0.11298076923076923
1 0.4411057692307692 0.6298076923076923 0.009615384615384616 0.015625
2 0.4074519230769231 0.6670673076923077 0.03245192307692308 0.11298076923076923
1 0.40865384615384615 0.6346153846153846 0.004807692307692308 0.014423076923076924
2 0.38461538461538464 0.9603365384615384 0.046875 0.06129807692307692
2 0.38100961538461536 0.5300480769230769 0.03125 0.052884615384615384
2 0.38461538461538464 0.5516826923076923 0.03125 0.052884615384615384
2 0.3894230769230769 0.5733173076923077 0.027644230769230768 0.08774038461538461
1 0.38461538461538464 0.5480769230769231 0.004807692307692308 0.010817307692307692
2 0.3605769230769231 0.5793269230769231 0.03245192307692308 0.09495192307692307
1 0.3557692307692308 0.5492788461538461 0.007211538461538462 0.014423076923076924
2 0.3329326923076923 0.6057692307692307 0.027644230769230768 0.09975961538461539
1 0.3269230769230769 0.5829326923076923 0.007211538461538462 0.01201923076923077
2 0.33413461538461536 0.6310096153846154 0.05048076923076923 0.04807692307692308
2 0.29086538461538464 0.6213942307692307 0.046875 0.056490384615384616
2 0.2848557692307692 0.6033653846153846 0.03245192307692308 0.09495192307692307
1 0.28125 0.5793269230769231 0.009615384615384616 0.014423076923076924
3 0.5997596153846154 0.22956730769230768 0.026442307692307692 0.06850961538461539
2 0.3557692307692308 0.27884615384615385 0.030048076923076924 0.0889423076923077
2 0.46153846153846156 0.3329326923076923 0.021634615384615384 0.09014423076923077
2 0.4411057692307692 0.39663461538461536 0.027644230769230768 0.09735576923076923
2 0.4026442307692308 0.46153846153846156 0.03485576923076923 0.10096153846153846
2 0.3713942307692308 0.5048076923076923 0.03125 0.08774038461538461
2 0.34134615384615385 0.5372596153846154 0.036057692307692304 0.052884615384615384
2 0.2932692307692308 0.5600961538461539 0.03125 0.0889423076923077
2 0.26322115384615385 0.5588942307692307 0.026442307692307692 0.10817307692307693
1 0.2620192307692308 0.5384615384615384 0.010817307692307692 0.016826923076923076
2 0.24879807692307693 0.5841346153846154 0.037259615384615384 0.11298076923076923
1 0.24278846153846154 0.5637019230769231 0.007211538461538462 0.020432692307692308
2 0.23076923076923078 0.6310096153846154 0.026442307692307692 0.10576923076923077
1 0.22956730769230768 0.6057692307692307 0.009615384615384616 0.015625
2 0.1346153846153846 0.6814903846153846 0.036057692307692304 0.11538461538461539
1 0.1346153846153846 0.6610576923076923 0.01201923076923077 0.019230769230769232
2 0.02403846153846154 0.8257211538461539 0.037259615384615384 0.12620192307692307