2 0.5841346153846154 0.5120192307692307 0.12860576923076922 0.25
0 0.5480769230769231 0.4675480769230769 0.03485576923076923 0.05889423076923077
2 0.8425480769230769 0.7379807692307693 0.16346153846153846 0.3762019230769231
1 0.8365384615384616 0.6526442307692307 0.036057692307692304 0.04807692307692308
2 0.43149038461538464 0.4951923076923077 0.12860576923076922 0.24639423076923078
2 0.3641826923076923 0.5384615384615384 0.109375 0.17668269230769232
2 0.4675480769230769 0.5036057692307693 0.125 0.11298076923076923
2 0.35336538461538464 0.5721153846153846 0.18269230769230768 0.109375
1 0.3786057692307692 0.5793269230769231 0.025240384615384616 0.03485576923076923
2 0.24879807692307693 0.1658653846153846 0.09014423076923077 0.3137019230769231
2 0.3076923076923077 0.38221153846153844 0.08774038461538461 0.3485576923076923
2 0.23317307692307693 0.48677884615384615 0.09735576923076923 0.33653846153846156
3 0.234375 0.6634615384615384 0.125 0.3737980769230769
2 0.09975961538461539 0.7704326923076923 0.109375 0.4338942307692308
1 0.08052884615384616 0.6754807692307693 0.014423076923076924 0.04807692307692308
2 0.31850961538461536 0.11538461538461539 0.09375 0.20432692307692307