3 0.5973557692307693 0.19110576923076922 0.042067307692307696 0.07932692307692307
2 0.8786057692307693 0.36658653846153844 0.05048076923076923 0.11057692307692307
2 0.8076923076923077 0.2824519230769231 0.056490384615384616 0.11899038461538461
2 0.6274038461538461 0.2824519230769231 0.04567307692307692 0.11778846153846154
2 0.7175480769230769 0.33653846153846156 0.04807692307692308 0.11057692307692307
2 0.7451923076923077 0.3762019230769231 0.04326923076923077 0.10096153846153846
2 0.6346153846153846 0.38100961538461536 0.08653846153846154 0.037259615384615384
2 0.6033653846153846 0.34975961538461536 0.040865384615384616 0.09495192307692307
2 0.6117788461538461 0.38221153846153844 0.04567307692307692 0.109375
3 0.6646634615384616 0.36899038461538464 0.038461538461538464 0.09735576923076923
2 0.48197115384615385 0.30649038461538464 0.04567307692307692 0.1045673076923077
2 0.4675480769230769 0.3233173076923077 0.025240384615384616 0.08774038461538461
2 0.4326923076923077 0.3004807692307692 0.040865384615384616 0.09014423076923077
2 0.44471153846153844 0.3293269230769231 0.036057692307692304 0.109375
2 0.3737980769230769 0.375 0.056490384615384616 0.09975961538461539
2 0.5264423076923077 0.4182692307692308 0.052884615384615384 0.109375
2 0.47836538461538464 0.4483173076923077 0.052884615384615384 0.11538461538461539
2 0.6322115384615384 0.5420673076923077 0.052884615384615384 0.13701923076923078
2 0.4170673076923077 0.6165865384615384 0.05889423076923077 0.16105769230769232
2 0.484375 0.8545673076923077 0.056490384615384616 0.16826923076923078
1 0.4831730769230769 0.8257211538461539 0.01201923076923077 0.026442307692307692
1 0.41346153846153844 0.5865384615384616 0.009615384615384616 0.019230769230769232
2 0.16826923076923078 0.9326923076923077 0.052884615384615384 0.1346153846153846
1 0.17307692307692307 0.9230769230769231 0.009615384615384616 0.026442307692307692