3 0.5865384615384616 0.4807692307692308 0.027644230769230768 0.06850961538461539
2 0.3798076923076923 0.5444711538461539 0.03125 0.06370192307692307
2 0.42788461538461536 0.609375 0.030048076923076924 0.06610576923076923
2 0.9326923076923077 0.5216346153846154 0.025240384615384616 0.055288461538461536
2 0.9290865384615384 0.5889423076923077 0.026442307692307692 0.06610576923076923
2 0.8713942307692307 0.6213942307692307 0.030048076923076924 0.06610576923076923
2 0.7403846153846154 0.7223557692307693 0.025240384615384616 0.0829326923076923
2 0.8653846153846154 0.6730769230769231 0.020432692307692308 0.0625
2 0.8834134615384616 0.6947115384615384 0.026442307692307692 0.05889423076923077
2 0.8858173076923077 0.7427884615384616 0.021634615384615384 0.0673076923076923
2 0.8605769230769231 0.7415865384615384 0.030048076923076924 0.06971153846153846
2 0.8052884615384616 0.7800480769230769 0.026442307692307692 0.07451923076923077
2 0.7451923076923077 0.9771634615384616 0.03485576923076923 0.04567307692307692