2 0.2668269230769231 0.14302884615384615 0.09375 0.2800480769230769
2 0.33413461538461536 0.18028846153846154 0.09735576923076923 0.3557692307692308
2 0.3786057692307692 0.28365384615384615 0.07692307692307693 0.20192307692307693
2 0.3894230769230769 0.3545673076923077 0.06610576923076923 0.09735576923076923
2 0.34375 0.4254807692307692 0.140625 0.19471153846153846
2 0.24879807692307693 0.421875 0.125 0.15625
2 0.32572115384615385 0.5504807692307693 0.11778846153846154 0.28125
1 0.3112980769230769 0.46875 0.030048076923076924 0.037259615384615384
2 0.46274038461538464 0.47475961538461536 0.11057692307692307 0.2932692307692308
0 0.4519230769230769 0.4651442307692308 0.03485576923076923 0.06129807692307692
2 0.5697115384615384 0.49278846153846156 0.15625 0.3245192307692308
1 0.5733173076923077 0.4050480769230769 0.021634615384615384 0.036057692307692304
3 0.6838942307692307 0.4735576923076923 0.1310096153846154 0.34375
2 0.8810096153846154 0.7451923076923077 0.1622596153846154 0.3473557692307692
1 0.875 0.6742788461538461 0.03485576923076923 0.04807692307692308
2 0.9435096153846154 0.859375 0.0985576923076923 0.28125
1 0.9675480769230769 0.8112980769230769 0.027644230769230768 0.057692307692307696
2 0.25721153846153844 0.8185096153846154 0.1622596153846154 0.29086538461538464
1 0.234375 0.7463942307692307 0.03485576923076923 0.046875