3 0.4963942307692308 0.10216346153846154 0.02403846153846154 0.057692307692307696
2 0.7307692307692307 0.27524038461538464 0.026442307692307692 0.08413461538461539
2 0.6298076923076923 0.3605769230769231 0.027644230769230768 0.0889423076923077
2 0.5973557692307693 0.5192307692307693 0.03485576923076923 0.0985576923076923
2 0.25600961538461536 0.28125 0.025240384615384616 0.08774038461538461
2 0.4987980769230769 0.2824519230769231 0.026442307692307692 0.07692307692307693
2 0.38461538461538464 0.30288461538461536 0.030048076923076924 0.08413461538461539
2 0.4110576923076923 0.36778846153846156 0.021634615384615384 0.07692307692307693
2 0.38341346153846156 0.3894230769230769 0.02403846153846154 0.08653846153846154
2 0.38822115384615385 0.4254807692307692 0.020432692307692308 0.09254807692307693
2 0.4951923076923077 0.41586538461538464 0.025240384615384616 0.09495192307692307
2 0.4206730769230769 0.44471153846153844 0.020432692307692308 0.09735576923076923
2 0.4411057692307692 0.4543269230769231 0.03245192307692308 0.08413461538461539
2 0.25961538461538464 0.49278846153846156 0.03125 0.09735576923076923
2 0.3425480769230769 0.5348557692307693 0.03245192307692308 0.0985576923076923
3 0.42908653846153844 0.5492788461538461 0.038461538461538464 0.09495192307692307
2 0.4495192307692308 0.5649038461538461 0.030048076923076924 0.07692307692307693
2 0.5204326923076923 0.5612980769230769 0.037259615384615384 0.11057692307692307
2 0.4026442307692308 0.6129807692307693 0.03485576923076923 0.09735576923076923
2 0.4387019230769231 0.6274038461538461 0.03125 0.09495192307692307
2 0.4699519230769231 0.6310096153846154 0.037259615384615384 0.08774038461538461
2 0.4519230769230769 0.6838942307692307 0.03125 0.1141826923076923
2 0.4807692307692308 0.671875 0.03125 0.08413461538461539
2 0.28725961538461536 0.6730769230769231 0.036057692307692304 0.1045673076923077
2 0.34375 0.6983173076923077 0.037259615384615384 0.08774038461538461
2 0.3245192307692308 0.7223557692307693 0.03245192307692308 0.08653846153846154
2 0.3942307692307692 0.7307692307692307 0.06370192307692307 0.0889423076923077
2 0.2848557692307692 0.7848557692307693 0.038461538461538464 0.109375
2 0.4230769230769231 0.7980769230769231 0.04326923076923077 0.109375
2 0.3894230769230769 0.8485576923076923 0.052884615384615384 0.11298076923076923
3 0.3786057692307692 0.9002403846153846 0.05048076923076923 0.12980769230769232
0 0.38221153846153844 0.71875 0.010817307692307692 0.01201923076923077
1 0.38461538461538464 0.8209134615384616 0.010817307692307692 0.014423076923076924
1 0.4206730769230769 0.7752403846153846 0.010817307692307692 0.01201923076923077