2 0.7536057692307693 0.11778846153846154 0.09735576923076923 0.23076923076923078
2 0.7908653846153846 0.5576923076923077 0.14182692307692307 0.40024038461538464
1 0.7776442307692307 0.4675480769230769 0.03245192307692308 0.04807692307692308
2 0.7175480769230769 0.5300480769230769 0.13581730769230768 0.3125
2 0.5432692307692307 0.49759615384615385 0.171875 0.27403846153846156
2 0.7115384615384616 0.8689903846153846 0.14543269230769232 0.25721153846153844
1 0.7307692307692307 0.8858173076923077 0.027644230769230768 0.06850961538461539
2 0.41225961538461536 0.5264423076923077 0.12379807692307693 0.1310096153846154
2 0.42427884615384615 0.6466346153846154 0.22596153846153846 0.21514423076923078
2 0.3894230769230769 0.6694711538461539 0.20673076923076922 0.18629807692307693
0 0.34375 0.6370192307692307 0.03485576923076923 0.037259615384615384
2 0.28365384615384615 0.6550480769230769 0.17067307692307693 0.20192307692307693
2 0.3016826923076923 0.38100961538461536 0.09735576923076923 0.31971153846153844
3 0.21875 0.33413461538461536 0.11538461538461539 0.3269230769230769
2 0.11057692307692307 0.4110576923076923 0.13221153846153846 0.3942307692307692
2 0.25721153846153844 0.6310096153846154 0.10336538461538461 0.41586538461538464
1 0.25240384615384615 0.5552884615384616 0.030048076923076924 0.0673076923076923
2 0.5 0.7776442307692307 0.1502403846153846 0.2860576923076923
1 0.5072115384615384 0.7632211538461539 0.025240384615384616 0.06370192307692307