2 0.6033653846153846 0.41947115384615385 0.11538461538461539 0.49278846153846156
2 0.6862980769230769 0.4795673076923077 0.10096153846153846 0.5120192307692307
2 0.6237980769230769 0.5528846153846154 0.1310096153846154 0.4651442307692308
1 0.6382211538461539 0.45072115384615385 0.026442307692307692 0.057692307692307696
2 0.5228365384615384 0.4951923076923077 0.12620192307692307 0.49399038461538464
2 0.5108173076923077 0.578125 0.1622596153846154 0.3786057692307692
2 0.31490384615384615 0.5324519230769231 0.06971153846153846 0.46274038461538464
2 0.0985576923076923 0.46274038461538464 0.09975961538461539 0.5264423076923077
2 0.09254807692307693 0.5192307692307693 0.09975961538461539 0.5360576923076923
2 0.16105769230769232 0.5901442307692307 0.08173076923076923 0.4831730769230769
2 0.22596153846153846 0.546875 0.09495192307692307 0.5
2 0.24639423076923078 0.47596153846153844 0.07692307692307693 0.47596153846153844
3 0.3918269230769231 0.5841346153846154 0.10096153846153846 0.4699519230769231
2 0.9098557692307693 0.5709134615384616 0.11538461538461539 0.5144230769230769
2 0.9723557692307693 0.65625 0.055288461538461536 0.49038461538461536
1 0.9735576923076923 0.5324519230769231 0.015625 0.057692307692307696