2 0.22235576923076922 0.4735576923076923 0.140625 0.265625
2 0.7283653846153846 0.5012019230769231 0.1778846153846154 0.23076923076923078
2 0.6117788461538461 0.5480769230769231 0.21394230769230768 0.20192307692307693
2 0.6574519230769231 0.5216346153846154 0.17067307692307693 0.203125
1 0.6778846153846154 0.40625 0.026442307692307692 0.015625
1 0.5817307692307693 0.4855769230769231 0.027644230769230768 0.025240384615384616
1 0.2439903846153846 0.3894230769230769 0.03245192307692308 0.025240384615384616
2 0.3269230769230769 0.5396634615384616 0.14903846153846154 0.17668269230769232
1 0.33774038461538464 0.4651442307692308 0.03245192307692308 0.026442307692307692
2 0.30528846153846156 0.5084134615384616 0.171875 0.21394230769230768
2 0.43509615384615385 0.49399038461538464 0.06129807692307692 0.2247596153846154
2 0.39903846153846156 0.515625 0.07211538461538461 0.3557692307692308
1 0.39302884615384615 0.41346153846153844 0.020432692307692308 0.036057692307692304
3 0.49399038461538464 0.49158653846153844 0.08413461538461539 0.4050480769230769
2 0.27524038461538464 0.5504807692307693 0.11899038461538461 0.3293269230769231
1 0.2608173076923077 0.4675480769230769 0.03125 0.03245192307692308