2 0.4326923076923077 0.09014423076923077 0.08173076923076923 0.1778846153846154
2 0.5889423076923077 0.3137019230769231 0.11538461538461539 0.3485576923076923
2 0.5360576923076923 0.41346153846153844 0.08774038461538461 0.2644230769230769
2 0.4891826923076923 0.5961538461538461 0.11298076923076923 0.3112980769230769
1 0.4675480769230769 0.5288461538461539 0.026442307692307692 0.04567307692307692
2 0.5240384615384616 0.5168269230769231 0.17548076923076922 0.23076923076923078
1 0.5444711538461539 0.44591346153846156 0.026442307692307692 0.038461538461538464
2 0.9314903846153846 0.21634615384615385 0.08413461538461539 0.3233173076923077
2 0.7956730769230769 0.30288461538461536 0.12980769230769232 0.36538461538461536
2 0.6790865384615384 0.515625 0.14543269230769232 0.33413461538461536
2 0.4855769230769231 0.8052884615384616 0.15625 0.3894230769230769
1 0.4675480769230769 0.7127403846153846 0.025240384615384616 0.051682692307692304
2 0.07091346153846154 0.6550480769230769 0.12620192307692307 0.4026442307692308
1 0.06490384615384616 0.5793269230769231 0.038461538461538464 0.055288461538461536
2 0.25961538461538464 0.8076923076923077 0.1141826923076923 0.38461538461538464
1 0.23197115384615385 0.7199519230769231 0.026442307692307692 0.04326923076923077
2 0.3894230769230769 0.8329326923076923 0.1346153846153846 0.33413461538461536